x, u_gen, u_spec
0.000000, 0.000000, 0.000000
0.000316, 0.002842, 0.002842
0.000633, 0.005674, 0.005674
0.000949, 0.008497, 0.008497
0.001265, 0.011309, 0.011309
0.001582, 0.014112, 0.014112
0.001898, 0.016904, 0.016904
0.002214, 0.019687, 0.019687
0.002531, 0.022460, 0.022460
0.002847, 0.025223, 0.025223
0.003164, 0.027977, 0.027977
0.003480, 0.030721, 0.030721
0.003796, 0.033455, 0.033455
0.004113, 0.036180, 0.036180
0.004429, 0.038895, 0.038895
0.004745, 0.041600, 0.041600
0.005062, 0.044296, 0.044296
0.005378, 0.046982, 0.046982
0.005694, 0.049659, 0.049659
0.006011, 0.052326, 0.052326
0.006327, 0.054984, 0.054984
0.006643, 0.057633, 0.057633
0.006960, 0.060272, 0.060272
0.007276, 0.062902, 0.062902
0.007593, 0.065522, 0.065522
0.007909, 0.068134, 0.068134
0.008225, 0.070736, 0.070736
0.008542, 0.073328, 0.073328
0.008858, 0.075912, 0.075912
0.009174, 0.078487, 0.078487
0.009491, 0.081052, 0.081052
0.009807, 0.083608, 0.083608
0.010123, 0.086155, 0.086155
0.010440, 0.088693, 0.088693
0.010756, 0.091222, 0.091222
0.011072, 0.093743, 0.093743
0.011389, 0.096254, 0.096254
0.011705, 0.098756, 0.098756
0.012022, 0.101249, 0.101249
0.012338, 0.103734, 0.103734
0.012654, 0.106209, 0.106209
0.012971, 0.108676, 0.108676
0.013287, 0.111134, 0.111134
0.013603, 0.113583, 0.113583
0.013920, 0.116024, 0.116024
0.014236, 0.118456, 0.118456
0.014552, 0.120879, 0.120879
0.014869, 0.123293, 0.123293
0.015185, 0.125699, 0.125699
0.015501, 0.128096, 0.128096
0.015818, 0.130485, 0.130485
0.016134, 0.132865, 0.132865
0.016450, 0.135237, 0.135237
0.016767, 0.137600, 0.137600
0.017083, 0.139954, 0.139954
0.017400, 0.142300, 0.142300
0.017716, 0.144638, 0.144638
0.018032, 0.146968, 0.146968
0.018349, 0.149289, 0.149289
0.018665, 0.151601, 0.151601
0.018981, 0.153906, 0.153906
0.019298, 0.156202, 0.156202
0.019614, 0.158490, 0.158490
0.019930, 0.160770, 0.160770
0.020247, 0.163041, 0.163041
0.020563, 0.165304, 0.165304
0.020879, 0.167559, 0.167559
0.021196, 0.169807, 0.169807
0.021512, 0.172045, 0.172045
0.021829, 0.174276, 0.174276
0.022145, 0.176499, 0.176499
0.022461, 0.178714, 0.178714
0.022778, 0.180921, 0.180921
0.023094, 0.183120, 0.183120
0.023410, 0.185310, 0.185310
0.023727, 0.187493, 0.187493
0.024043, 0.189668, 0.189668
0.024359, 0.191836, 0.191836
0.024676, 0.193995, 0.193995
0.024992, 0.196146, 0.196146
0.025308, 0.198290, 0.198290
0.025625, 0.200426, 0.200426
0.025941, 0.202554, 0.202554
0.026258, 0.204675, 0.204675
0.026574, 0.206788, 0.206788
0.026890, 0.208893, 0.208893
0.027207, 0.210990, 0.210990
0.027523, 0.213080, 0.213080
0.027839, 0.215162, 0.215162
0.028156, 0.217237, 0.217237
0.028472, 0.219304, 0.219304
0.028788, 0.221364, 0.221364
0.029105, 0.223416, 0.223416
0.029421, 0.225461, 0.225461
0.029737, 0.227498, 0.227498
0.030054, 0.229527, 0.229527
0.030370, 0.231550, 0.231550
0.030686, 0.233565, 0.233565
0.031003, 0.235572, 0.235572
0.031319, 0.237573, 0.237573
0.031636, 0.239565, 0.239565
0.031952, 0.241551, 0.241551
0.032268, 0.243529, 0.243529
0.032585, 0.245500, 0.245500
0.032901, 0.247464, 0.247464
0.033217, 0.249421, 0.249421
0.033534, 0.251371, 0.251371
0.033850, 0.253313, 0.253313
0.034166, 0.255248, 0.255248
0.034483, 0.257176, 0.257176
0.034799, 0.259097, 0.259097
0.035115, 0.261011, 0.261011
0.035432, 0.262918, 0.262918
0.035748, 0.264818, 0.264818
0.036065, 0.266711, 0.266711
0.036381, 0.268597, 0.268597
0.036697, 0.270475, 0.270475
0.037014, 0.272347, 0.272347
0.037330, 0.274213, 0.274213
0.037646, 0.276071, 0.276071
0.037963, 0.277922, 0.277922
0.038279, 0.279767, 0.279767
0.038595, 0.281604, 0.281604
0.038912, 0.283435, 0.283435
0.039228, 0.285259, 0.285259
0.039544, 0.287076, 0.287076
0.039861, 0.288887, 0.288887
0.040177, 0.290691, 0.290691
0.040494, 0.292488, 0.292488
0.040810, 0.294278, 0.294278
0.041126, 0.296062, 0.296062
0.041443, 0.297840, 0.297840
0.041759, 0.299610, 0.299610
0.042075, 0.301374, 0.301374
0.042392, 0.303131, 0.303131
0.042708, 0.304882, 0.304882
0.043024, 0.306627, 0.306627
0.043341, 0.308365, 0.308365
0.043657, 0.310096, 0.310096
0.043973, 0.311821, 0.311821
0.044290, 0.313539, 0.313539
0.044606, 0.315251, 0.315251
0.044922, 0.316957, 0.316957
0.045239, 0.318656, 0.318656
0.045555, 0.320349, 0.320349
0.045872, 0.322035, 0.322035
0.046188, 0.323715, 0.323715
0.046504, 0.325389, 0.325389
0.046821, 0.327057, 0.327057
0.047137, 0.328718, 0.328718
0.047453, 0.330373, 0.330373
0.047770, 0.332022, 0.332022
0.048086, 0.333665, 0.333665
0.048402, 0.335301, 0.335301
0.048719, 0.336931, 0.336931
0.049035, 0.338556, 0.338556
0.049351, 0.340174, 0.340174
0.049668, 0.341785, 0.341785
0.049984, 0.343391, 0.343391
0.050301, 0.344991, 0.344991
0.050617, 0.346585, 0.346585
0.050933, 0.348172, 0.348172
0.051250, 0.349754, 0.349754
0.051566, 0.351329, 0.351329
0.051882, 0.352899, 0.352899
0.052199, 0.354463, 0.354463
0.052515, 0.356021, 0.356021
0.052831, 0.357572, 0.357572
0.053148, 0.359118, 0.359118
0.053464, 0.360658, 0.360658
0.053780, 0.362193, 0.362193
0.054097, 0.363721, 0.363721
0.054413, 0.365243, 0.365243
0.054730, 0.366760, 0.366760
0.055046, 0.368271, 0.368271
0.055362, 0.369776, 0.369776
0.055679, 0.371276, 0.371276
0.055995, 0.372769, 0.372769
0.056311, 0.374257, 0.374257
0.056628, 0.375740, 0.375740
0.056944, 0.377216, 0.377216
0.057260, 0.378687, 0.378687
0.057577, 0.380152, 0.380152
0.057893, 0.381612, 0.381612
0.058209, 0.383066, 0.383066
0.058526, 0.384514, 0.384514
0.058842, 0.385957, 0.385957
0.059158, 0.387394, 0.387394
0.059475, 0.388826, 0.388826
0.059791, 0.390252, 0.390252
0.060108, 0.391673, 0.391673
0.060424, 0.393088, 0.393088
0.060740, 0.394498, 0.394498
0.061057, 0.395903, 0.395903
0.061373, 0.397301, 0.397301
0.061689, 0.398695, 0.398695
0.062006, 0.400083, 0.400083
0.062322, 0.401466, 0.401466
0.062638, 0.402843, 0.402843
0.062955, 0.404215, 0.404215
0.063271, 0.405582, 0.405582
0.063587, 0.406943, 0.406943
0.063904, 0.408299, 0.408299
0.064220, 0.409650, 0.409650
0.064537, 0.410995, 0.410995
0.064853, 0.412335, 0.412335
0.065169, 0.413670, 0.413670
0.065486, 0.415000, 0.415000
0.065802, 0.416325, 0.416325
0.066118, 0.417644, 0.417644
0.066435, 0.418958, 0.418958
0.066751, 0.420267, 0.420267
0.067067, 0.421571, 0.421571
0.067384, 0.422870, 0.422870
0.067700, 0.424164, 0.424164
0.068016, 0.425453, 0.425453
0.068333, 0.426736, 0.426736
0.068649, 0.428015, 0.428015
0.068966, 0.429288, 0.429288
0.069282, 0.430557, 0.430557
0.069598, 0.431820, 0.431820
0.069915, 0.433079, 0.433079
0.070231, 0.434332, 0.434332
0.070547, 0.435581, 0.435581
0.070864, 0.436824, 0.436824
0.071180, 0.438063, 0.438063
0.071496, 0.439297, 0.439297
0.071813, 0.440525, 0.440525
0.072129, 0.441749, 0.441749
0.072445, 0.442969, 0.442969
0.072762, 0.444183, 0.444183
0.073078, 0.445392, 0.445392
0.073394, 0.446597, 0.446597
0.073711, 0.447797, 0.447797
0.074027, 0.448992, 0.448992
0.074344, 0.450182, 0.450182
0.074660, 0.451367, 0.451367
0.074976, 0.452548, 0.452548
0.075293, 0.453724, 0.453724
0.075609, 0.454895, 0.454895
0.075925, 0.456062, 0.456062
0.076242, 0.457224, 0.457224
0.076558, 0.458381, 0.458381
0.076874, 0.459534, 0.459534
0.077191, 0.460682, 0.460682
0.077507, 0.461825, 0.461825
0.077823, 0.462964, 0.462964
0.078140, 0.464098, 0.464098
0.078456, 0.465227, 0.465227
0.078773, 0.466352, 0.466352
0.079089, 0.467473, 0.467473
0.079405, 0.468589, 0.468589
0.079722, 0.469700, 0.469700
0.080038, 0.470807, 0.470807
0.080354, 0.471909, 0.471909
0.080671, 0.473007, 0.473007
0.080987, 0.474100, 0.474100
0.081303, 0.475189, 0.475189
0.081620, 0.476274, 0.476274
0.081936, 0.477354, 0.477354
0.082252, 0.478430, 0.478430
0.082569, 0.479501, 0.479501
0.082885, 0.480568, 0.480568
0.083202, 0.481630, 0.481630
0.083518, 0.482689, 0.482689
0.083834, 0.483742, 0.483742
0.084151, 0.484792, 0.484792
0.084467, 0.485837, 0.485837
0.084783, 0.486878, 0.486878
0.085100, 0.487915, 0.487915
0.085416, 0.488947, 0.488947
0.085732, 0.489975, 0.489975
0.086049, 0.490999, 0.490999
0.086365, 0.492018, 0.492018
0.086681, 0.493034, 0.493034
0.086998, 0.494045, 0.494045
0.087314, 0.495052, 0.495052
0.087630, 0.496055, 0.496055
0.087947, 0.497053, 0.497053
0.088263, 0.498048, 0.498048
0.088580, 0.499038, 0.499038
0.088896, 0.500024, 0.500024
0.089212, 0.501006, 0.501006
0.089529, 0.501984, 0.501984
0.089845, 0.502958, 0.502958
0.090161, 0.503928, 0.503928
0.090478, 0.504894, 0.504894
0.090794, 0.505856, 0.505856
0.091110, 0.506813, 0.506813
0.091427, 0.507767, 0.507767
0.091743, 0.508717, 0.508717
0.092059, 0.509662, 0.509662
0.092376, 0.510604, 0.510604
0.092692, 0.511542, 0.511542
0.093009, 0.512475, 0.512475
0.093325, 0.513405, 0.513405
0.093641, 0.514331, 0.514331
0.093958, 0.515253, 0.515253
0.094274, 0.516171, 0.516171
0.094590, 0.517085, 0.517085
0.094907, 0.517995, 0.517995
0.095223, 0.518901, 0.518901
0.095539, 0.519804, 0.519804
0.095856, 0.520703, 0.520703
0.096172, 0.521597, 0.521597
0.096488, 0.522488, 0.522488
0.096805, 0.523375, 0.523375
0.097121, 0.524259, 0.524259
0.097438, 0.525138, 0.525138
0.097754, 0.526014, 0.526014
0.098070, 0.526886, 0.526886
0.098387, 0.527754, 0.527754
0.098703, 0.528619, 0.528619
0.099019, 0.529480, 0.529480
0.099336, 0.530337, 0.530337
0.099652, 0.531190, 0.531190
0.099968, 0.532040, 0.532040
0.100285, 0.532886, 0.532886
0.100601, 0.533728, 0.533728
0.100917, 0.534567, 0.534567
0.101234, 0.535402, 0.535402
0.101550, 0.536233, 0.536233
0.101866, 0.537061, 0.537061
0.102183, 0.537885, 0.537885
0.102499, 0.538706, 0.538706
0.102816, 0.539523, 0.539523
0.103132, 0.540336, 0.540336
0.103448, 0.541146, 0.541146
0.103765, 0.541952, 0.541952
0.104081, 0.542755, 0.542755
0.104397, 0.543554, 0.543554
0.104714, 0.544350, 0.544350
0.105030, 0.545142, 0.545142
0.105346, 0.545930, 0.545930
0.105663, 0.546715, 0.546715
0.105979, 0.547497, 0.547497
0.106295, 0.548275, 0.548275
0.106612, 0.549050, 0.549050
0.106928, 0.549821, 0.549821
0.107245, 0.550589, 0.550589
0.107561, 0.551354, 0.551354
0.107877, 0.552115, 0.552115
0.108194, 0.552872, 0.552872
0.108510, 0.553626, 0.553626
0.108826, 0.554377, 0.554377
0.109143, 0.555125, 0.555125
0.109459, 0.555869, 0.555869
0.109775, 0.556610, 0.556610
0.110092, 0.557347, 0.557347
0.110408, 0.558081, 0.558081
0.110724, 0.558812, 0.558812
0.111041, 0.559539, 0.559539
0.111357, 0.560263, 0.560263
0.111674, 0.560984, 0.560984
0.111990, 0.561702, 0.561702
0.112306, 0.562416, 0.562416
0.112623, 0.563127, 0.563127
0.112939, 0.563835, 0.563835
0.113255, 0.564540, 0.564540
0.113572, 0.565241, 0.565241
0.113888, 0.565939, 0.565939
0.114204, 0.566634, 0.566634
0.114521, 0.567326, 0.567326
0.114837, 0.568015, 0.568015
0.115153, 0.568700, 0.568700
0.115470, 0.569382, 0.569382
0.115786, 0.570061, 0.570061
0.116102, 0.570737, 0.570737
0.116419, 0.571410, 0.571410
0.116735, 0.572080, 0.572080
0.117052, 0.572746, 0.572746
0.117368, 0.573410, 0.573410
0.117684, 0.574070, 0.574070
0.118001, 0.574727, 0.574727
0.118317, 0.575382, 0.575382
0.118633, 0.576033, 0.576033
0.118950, 0.576681, 0.576681
0.119266, 0.577326, 0.577326
0.119582, 0.577968, 0.577968
0.119899, 0.578607, 0.578607
0.120215, 0.579243, 0.579243
0.120531, 0.579876, 0.579876
0.120848, 0.580506, 0.580506
0.121164, 0.581133, 0.581133
0.121481, 0.581757, 0.581757
0.121797, 0.582378, 0.582378
0.122113, 0.582996, 0.582996
0.122430, 0.583611, 0.583611
0.122746, 0.584223, 0.584223
0.123062, 0.584832, 0.584832
0.123379, 0.585439, 0.585439
0.123695, 0.586042, 0.586042
0.124011, 0.586642, 0.586642
0.124328, 0.587240, 0.587240
0.124644, 0.587835, 0.587835
0.124960, 0.588427, 0.588427
0.125277, 0.589016, 0.589016
0.125593, 0.589602, 0.589602
0.125910, 0.590185, 0.590185
0.126226, 0.590765, 0.590765
0.126542, 0.591343, 0.591343
0.126859, 0.591918, 0.591918
0.127175, 0.592490, 0.592490
0.127491, 0.593059, 0.593059
0.127808, 0.593625, 0.593625
0.128124, 0.594189, 0.594189
0.128440, 0.594749, 0.594749
0.128757, 0.595307, 0.595307
0.129073, 0.595863, 0.595863
0.129389, 0.596415, 0.596415
0.129706, 0.596965, 0.596965
0.130022, 0.597512, 0.597512
0.130339, 0.598056, 0.598056
0.130655, 0.598598, 0.598598
0.130971, 0.599136, 0.599136
0.131288, 0.599673, 0.599673
0.131604, 0.600206, 0.600206
0.131920, 0.600737, 0.600737
0.132237, 0.601265, 0.601265
0.132553, 0.601790, 0.601790
0.132869, 0.602313, 0.602313
0.133186, 0.602833, 0.602833
0.133502, 0.603351, 0.603351
0.133818, 0.603866, 0.603866
0.134135, 0.604378, 0.604378
0.134451, 0.604887, 0.604887
0.134767, 0.605394, 0.605394
0.135084, 0.605899, 0.605899
0.135400, 0.606401, 0.606401
0.135717, 0.606900, 0.606900
0.136033, 0.607396, 0.607396
0.136349, 0.607890, 0.607890
0.136666, 0.608382, 0.608382
0.136982, 0.608871, 0.608871
0.137298, 0.609357, 0.609357
0.137615, 0.609841, 0.609841
0.137931, 0.610323, 0.610323
0.138247, 0.610801, 0.610801
0.138564, 0.611278, 0.611278
0.138880, 0.611752, 0.611752
0.139196, 0.612223, 0.612223
0.139513, 0.612692, 0.612692
0.139829, 0.613158, 0.613158
0.140146, 0.613622, 0.613622
0.140462, 0.614083, 0.614083
0.140778, 0.614542, 0.614542
0.141095, 0.614999, 0.614999
0.141411, 0.615453, 0.615453
0.141727, 0.615905, 0.615905
0.142044, 0.616354, 0.616354
0.142360, 0.616801, 0.616801
0.142676, 0.617245, 0.617245
0.142993, 0.617687, 0.617687
0.143309, 0.618127, 0.618127
0.143625, 0.618564, 0.618564
0.143942, 0.618999, 0.618999
0.144258, 0.619431, 0.619431
0.144575, 0.619861, 0.619861
0.144891, 0.620289, 0.620289
0.145207, 0.620714, 0.620714
0.145524, 0.621137, 0.621137
0.145840, 0.621558, 0.621558
0.146156, 0.621976, 0.621976
0.146473, 0.622392, 0.622392
0.146789, 0.622806, 0.622806
0.147105, 0.623217, 0.623217
0.147422, 0.623627, 0.623627
0.147738, 0.624033, 0.624033
0.148054, 0.624438, 0.624438
0.148371, 0.624840, 0.624840
0.148687, 0.625240, 0.625240
0.149003, 0.625638, 0.625638
0.149320, 0.626033, 0.626033
0.149636, 0.626427, 0.626427
0.149953, 0.626818, 0.626818
0.150269, 0.627206, 0.627206
0.150585, 0.627593, 0.627593
0.150902, 0.627977, 0.627977
0.151218, 0.628359, 0.628359
0.151534, 0.628739, 0.628739
0.151851, 0.629117, 0.629117
0.152167, 0.629492, 0.629492
0.152483, 0.629866, 0.629866
0.152800, 0.630237, 0.630237
0.153116, 0.630606, 0.630606
0.153432, 0.630973, 0.630973
0.153749, 0.631337, 0.631337
0.154065, 0.631700, 0.631700
0.154382, 0.632060, 0.632060
0.154698, 0.632418, 0.632418
0.155014, 0.632775, 0.632775
0.155331, 0.633128, 0.633128
0.155647, 0.633480, 0.633480
0.155963, 0.633830, 0.633830
0.156280, 0.634178, 0.634178
0.156596, 0.634523, 0.634523
0.156912, 0.634867, 0.634867
0.157229, 0.635208, 0.635208
0.157545, 0.635547, 0.635547
0.157861, 0.635884, 0.635884
0.158178, 0.636220, 0.636220
0.158494, 0.636553, 0.636553
0.158811, 0.636884, 0.636884
0.159127, 0.637213, 0.637213
0.159443, 0.637540, 0.637540
0.159760, 0.637865, 0.637865
0.160076, 0.638188, 0.638188
0.160392, 0.638508, 0.638508
0.160709, 0.638827, 0.638827
0.161025, 0.639144, 0.639144
0.161341, 0.639459, 0.639459
0.161658, 0.639772, 0.639772
0.161974, 0.640083, 0.640083
0.162290, 0.640392, 0.640392
0.162607, 0.640699, 0.640699
0.162923, 0.641003, 0.641003
0.163239, 0.641306, 0.641306
0.163556, 0.641608, 0.641608
0.163872, 0.641907, 0.641907
0.164189, 0.642204, 0.642204
0.164505, 0.642499, 0.642499
0.164821, 0.642792, 0.642792
0.165138, 0.643084, 0.643084
0.165454, 0.643373, 0.643373
0.165770, 0.643660, 0.643660
0.166087, 0.643946, 0.643946
0.166403, 0.644230, 0.644230
0.166719, 0.644512, 0.644512
0.167036, 0.644792, 0.644792
0.167352, 0.645070, 0.645070
0.167668, 0.645346, 0.645346
0.167985, 0.645620, 0.645620
0.168301, 0.645892, 0.645892
0.168618, 0.646163, 0.646163
0.168934, 0.646432, 0.646432
0.169250, 0.646699, 0.646699
0.169567, 0.646964, 0.646964
0.169883, 0.647227, 0.647227
0.170199, 0.647488, 0.647488
0.170516, 0.647748, 0.647748
0.170832, 0.648005, 0.648005
0.171148, 0.648261, 0.648261
0.171465, 0.648515, 0.648515
0.171781, 0.648768, 0.648768
0.172097, 0.649018, 0.649018
0.172414, 0.649267, 0.649267
0.172730, 0.649514, 0.649514
0.173047, 0.649759, 0.649759
0.173363, 0.650002, 0.650002
0.173679, 0.650244, 0.650244
0.173996, 0.650484, 0.650484
0.174312, 0.650722, 0.650722
0.174628, 0.650958, 0.650958
0.174945, 0.651193, 0.651193
0.175261, 0.651425, 0.651425
0.175577, 0.651657, 0.651657
0.175894, 0.651886, 0.651886
0.176210, 0.652114, 0.652114
0.176526, 0.652339, 0.652339
0.176843, 0.652564, 0.652564
0.177159, 0.652786, 0.652786
0.177475, 0.653007, 0.653007
0.177792, 0.653226, 0.653226
0.178108, 0.653444, 0.653444
0.178425, 0.653659, 0.653659
0.178741, 0.653873, 0.653873
0.179057, 0.654086, 0.654086
0.179374, 0.654296, 0.654296
0.179690, 0.654505, 0.654505
0.180006, 0.654713, 0.654713
0.180323, 0.654919, 0.654919
0.180639, 0.655123, 0.655123
0.180955, 0.655325, 0.655325
0.181272, 0.655526, 0.655526
0.181588, 0.655725, 0.655725
0.181904, 0.655923, 0.655923
0.182221, 0.656119, 0.656119
0.182537, 0.656313, 0.656313
0.182854, 0.656506, 0.656506
0.183170, 0.656697, 0.656697
0.183486, 0.656886, 0.656886
0.183803, 0.657074, 0.657074
0.184119, 0.657260, 0.657260
0.184435, 0.657445, 0.657445
0.184752, 0.657628, 0.657628
0.185068, 0.657810, 0.657810
0.185384, 0.657990, 0.657990
0.185701, 0.658168, 0.658168
0.186017, 0.658345, 0.658345
0.186333, 0.658520, 0.658520
0.186650, 0.658694, 0.658694
0.186966, 0.658866, 0.658866
0.187283, 0.659037, 0.659037
0.187599, 0.659206, 0.659206
0.187915, 0.659373, 0.659373
0.188232, 0.659539, 0.659539
0.188548, 0.659704, 0.659704
0.188864, 0.659867, 0.659867
0.189181, 0.660028, 0.660028
0.189497, 0.660188, 0.660188
0.189813, 0.660347, 0.660347
0.190130, 0.660504, 0.660504
0.190446, 0.660659, 0.660659
0.190762, 0.660813, 0.660813
0.191079, 0.660966, 0.660966
0.191395, 0.661117, 0.661117
0.191711, 0.661266, 0.661266
0.192028, 0.661414, 0.661414
0.192344, 0.661561, 0.661561
0.192661, 0.661706, 0.661706
0.192977, 0.661850, 0.661850
0.193293, 0.661992, 0.661992
0.193610, 0.662133, 0.662133
0.193926, 0.662272, 0.662272
0.194242, 0.662410, 0.662410
0.194559, 0.662546, 0.662546
0.194875, 0.662681, 0.662681
0.195191, 0.662815, 0.662815
0.195508, 0.662947, 0.662947
0.195824, 0.663078, 0.663078
0.196140, 0.663207, 0.663207
0.196457, 0.663335, 0.663335
0.196773, 0.663462, 0.663462
0.197090, 0.663587, 0.663587
0.197406, 0.663711, 0.663711
0.197722, 0.663833, 0.663833
0.198039, 0.663954, 0.663954
0.198355, 0.664073, 0.664073
0.198671, 0.664192, 0.664192
0.198988, 0.664309, 0.664309
0.199304, 0.664424, 0.664424
0.199620, 0.664538, 0.664538
0.199937, 0.664651, 0.664651
0.200253, 0.664762, 0.664762
0.200569, 0.664872, 0.664872
0.200886, 0.664981, 0.664981
0.201202, 0.665088, 0.665088
0.201519, 0.665194, 0.665194
0.201835, 0.665299, 0.665299
0.202151, 0.665402, 0.665402
0.202468, 0.665504, 0.665504
0.202784, 0.665605, 0.665605
0.203100, 0.665705, 0.665705
0.203417, 0.665803, 0.665803
0.203733, 0.665899, 0.665899
0.204049, 0.665995, 0.665995
0.204366, 0.666089, 0.666089
0.204682, 0.666182, 0.666182
0.204998, 0.666273, 0.666273
0.205315, 0.666364, 0.666364
0.205631, 0.666453, 0.666453
0.205947, 0.666540, 0.666540
0.206264, 0.666627, 0.666627
0.206580, 0.666712, 0.666712
0.206897, 0.666796, 0.666796
0.207213, 0.666879, 0.666879
0.207529, 0.666960, 0.666960
0.207846, 0.667040, 0.667040
0.208162, 0.667119, 0.667119
0.208478, 0.667197, 0.667197
0.208795, 0.667273, 0.667273
0.209111, 0.667348, 0.667348
0.209427, 0.667422, 0.667422
0.209744, 0.667495, 0.667495
0.210060, 0.667566, 0.667566
0.210376, 0.667636, 0.667636
0.210693, 0.667705, 0.667705
0.211009, 0.667773, 0.667773
0.211326, 0.667840, 0.667840
0.211642, 0.667905, 0.667905
0.211958, 0.667969, 0.667969
0.212275, 0.668032, 0.668032
0.212591, 0.668094, 0.668094
0.212907, 0.668154, 0.668154
0.213224, 0.668214, 0.668214
0.213540, 0.668272, 0.668272
0.213856, 0.668329, 0.668329
0.214173, 0.668385, 0.668385
0.214489, 0.668439, 0.668439
0.214805, 0.668493, 0.668493
0.215122, 0.668545, 0.668545
0.215438, 0.668596, 0.668596
0.215755, 0.668646, 0.668646
0.216071, 0.668695, 0.668695
0.216387, 0.668743, 0.668743
0.216704, 0.668789, 0.668789
0.217020, 0.668835, 0.668835
0.217336, 0.668879, 0.668879
0.217653, 0.668922, 0.668922
0.217969, 0.668964, 0.668964
0.218285, 0.669005, 0.669005
0.218602, 0.669044, 0.669044
0.218918, 0.669083, 0.669083
0.219234, 0.669120, 0.669120
0.219551, 0.669157, 0.669157
0.219867, 0.669192, 0.669192
0.220183, 0.669226, 0.669226
0.220500, 0.669259, 0.669259
0.220816, 0.669291, 0.669291
0.221133, 0.669322, 0.669322
0.221449, 0.669351, 0.669351
0.221765, 0.669380, 0.669380
0.222082, 0.669407, 0.669407
0.222398, 0.669434, 0.669434
0.222714, 0.669459, 0.669459
0.223031, 0.669483, 0.669483
0.223347, 0.669507, 0.669507
0.223663, 0.669529, 0.669529
0.223980, 0.669550, 0.669550
0.224296, 0.669570, 0.669570
0.224612, 0.669589, 0.669589
0.224929, 0.669607, 0.669607
0.225245, 0.669623, 0.669623
0.225562, 0.669639, 0.669639
0.225878, 0.669654, 0.669654
0.226194, 0.669667, 0.669667
0.226511, 0.669680, 0.669680
0.226827, 0.669692, 0.669692
0.227143, 0.669702, 0.669702
0.227460, 0.669712, 0.669712
0.227776, 0.669720, 0.669720
0.228092, 0.669728, 0.669728
0.228409, 0.669734, 0.669734
0.228725, 0.669739, 0.669739
0.229041, 0.669744, 0.669744
0.229358, 0.669747, 0.669747
0.229674, 0.669750, 0.669750
0.229991, 0.669751, 0.669751
0.230307, 0.669751, 0.669751
0.230623, 0.669751, 0.669751
0.230940, 0.669749, 0.669749
0.231256, 0.669746, 0.669746
0.231572, 0.669743, 0.669743
0.231889, 0.669738, 0.669738
0.232205, 0.669733, 0.669733
0.232521, 0.669726, 0.669726
0.232838, 0.669719, 0.669719
0.233154, 0.669710, 0.669710
0.233470, 0.669700, 0.669700
0.233787, 0.669690, 0.669690
0.234103, 0.669679, 0.669679
0.234419, 0.669666, 0.669666
0.234736, 0.669653, 0.669653
0.235052, 0.669639, 0.669639
0.235369, 0.669623, 0.669623
0.235685, 0.669607, 0.669607
0.236001, 0.669590, 0.669590
0.236318, 0.669572, 0.669572
0.236634, 0.669553, 0.669553
0.236950, 0.669533, 0.669533
0.237267, 0.669512, 0.669512
0.237583, 0.669490, 0.669490
0.237899, 0.669467, 0.669467
0.238216, 0.669443, 0.669443
0.238532, 0.669419, 0.669419
0.238848, 0.669393, 0.669393
0.239165, 0.669367, 0.669367
0.239481, 0.669339, 0.669339
0.239798, 0.669311, 0.669311
0.240114, 0.669282, 0.669282
0.240430, 0.669252, 0.669252
0.240747, 0.669221, 0.669221
0.241063, 0.669189, 0.669189
0.241379, 0.669156, 0.669156
0.241696, 0.669122, 0.669122
0.242012, 0.669087, 0.669087
0.242328, 0.669052, 0.669052
0.242645, 0.669016, 0.669016
0.242961, 0.668978, 0.668978
0.243277, 0.668940, 0.668940
0.243594, 0.668901, 0.668901
0.243910, 0.668861, 0.668861
0.244227, 0.668820, 0.668820
0.244543, 0.668779, 0.668779
0.244859, 0.668736, 0.668736
0.245176, 0.668693, 0.668693
0.245492, 0.668649, 0.668649
0.245808, 0.668603, 0.668603
0.246125, 0.668557, 0.668557
0.246441, 0.668511, 0.668511
0.246757, 0.668463, 0.668463
0.247074, 0.668414, 0.668414
0.247390, 0.668365, 0.668365
0.247706, 0.668315, 0.668315
0.248023, 0.668264, 0.668264
0.248339, 0.668212, 0.668212
0.248655, 0.668159, 0.668159
0.248972, 0.668106, 0.668106
0.249288, 0.668051, 0.668051
0.249605, 0.667996, 0.667996
0.249921, 0.667940, 0.667940
0.250237, 0.667883, 0.667883
0.250554, 0.667825, 0.667825
0.250870, 0.667767, 0.667767
0.251186, 0.667708, 0.667708
0.251503, 0.667647, 0.667647
0.251819, 0.667586, 0.667586
0.252135, 0.667525, 0.667525
0.252452, 0.667462, 0.667462
0.252768, 0.667399, 0.667399
0.253084, 0.667335, 0.667335
0.253401, 0.667270, 0.667270
0.253717, 0.667204, 0.667204
0.254034, 0.667137, 0.667137
0.254350, 0.667070, 0.667070
0.254666, 0.667002, 0.667002
0.254983, 0.666933, 0.666933
0.255299, 0.666863, 0.666863
0.255615, 0.666793, 0.666793
0.255932, 0.666722, 0.666722
0.256248, 0.666650, 0.666650
0.256564, 0.666577, 0.666577
0.256881, 0.666503, 0.666503
0.257197, 0.666429, 0.666429
0.257513, 0.666354, 0.666354
0.257830, 0.666278, 0.666278
0.258146, 0.666202, 0.666202
0.258463, 0.666124, 0.666124
0.258779, 0.666046, 0.666046
0.259095, 0.665967, 0.665967
0.259412, 0.665888, 0.665888
0.259728, 0.665807, 0.665807
0.260044, 0.665726, 0.665726
0.260361, 0.665644, 0.665644
0.260677, 0.665562, 0.665562
0.260993, 0.665479, 0.665479
0.261310, 0.665394, 0.665394
0.261626, 0.665310, 0.665310
0.261942, 0.665224, 0.665224
0.262259, 0.665138, 0.665138
0.262575, 0.665051, 0.665051
0.262891, 0.664963, 0.664963
0.263208, 0.664875, 0.664875
0.263524, 0.664786, 0.664786
0.263841, 0.664696, 0.664696
0.264157, 0.664605, 0.664605
0.264473, 0.664514, 0.664514
0.264790, 0.664422, 0.664422
0.265106, 0.664329, 0.664329
0.265422, 0.664236, 0.664236
0.265739, 0.664142, 0.664142
0.266055, 0.664047, 0.664047
0.266371, 0.663951, 0.663951
0.266688, 0.663855, 0.663855
0.267004, 0.663758, 0.663758
0.267320, 0.663660, 0.663660
0.267637, 0.663562, 0.663562
0.267953, 0.663463, 0.663463
0.268270, 0.663363, 0.663363
0.268586, 0.663263, 0.663263
0.268902, 0.663162, 0.663162
0.269219, 0.663060, 0.663060
0.269535, 0.662958, 0.662958
0.269851, 0.662855, 0.662855
0.270168, 0.662751, 0.662751
0.270484, 0.662647, 0.662647
0.270800, 0.662542, 0.662542
0.271117, 0.662436, 0.662436
0.271433, 0.662329, 0.662329
0.271749, 0.662222, 0.662222
0.272066, 0.662115, 0.662115
0.272382, 0.662006, 0.662006
0.272699, 0.661897, 0.661897
0.273015, 0.661787, 0.661787
0.273331, 0.661677, 0.661677
0.273648, 0.661566, 0.661566
0.273964, 0.661454, 0.661454
0.274280, 0.661342, 0.661342
0.274597, 0.661229, 0.661229
0.274913, 0.661115, 0.661115
0.275229, 0.661001, 0.661001
0.275546, 0.660886, 0.660886
0.275862, 0.660771, 0.660771
0.276178, 0.660655, 0.660655
0.276495, 0.660538, 0.660538
0.276811, 0.660420, 0.660420
0.277127, 0.660302, 0.660302
0.277444, 0.660184, 0.660184
0.277760, 0.660064, 0.660064
0.278077, 0.659944, 0.659944
0.278393, 0.659824, 0.659824
0.278709, 0.659703, 0.659703
0.279026, 0.659581, 0.659581
0.279342, 0.659459, 0.659459
0.279658, 0.659336, 0.659336
0.279975, 0.659212, 0.659212
0.280291, 0.659088, 0.659088
0.280607, 0.658963, 0.658963
0.280924, 0.658838, 0.658838
0.281240, 0.658711, 0.658711
0.281556, 0.658585, 0.658585
0.281873, 0.658458, 0.658458
0.282189, 0.658330, 0.658330
0.282506, 0.658201, 0.658201
0.282822, 0.658072, 0.658072
0.283138, 0.657943, 0.657943
0.283455, 0.657813, 0.657813
0.283771, 0.657682, 0.657682
0.284087, 0.657550, 0.657550
0.284404, 0.657418, 0.657418
0.284720, 0.657286, 0.657286
0.285036, 0.657153, 0.657153
0.285353, 0.657019, 0.657019
0.285669, 0.656885, 0.656885
0.285985, 0.656750, 0.656750
0.286302, 0.656614, 0.656614
0.286618, 0.656478, 0.656478
0.286935, 0.656342, 0.656342
0.287251, 0.656205, 0.656205
0.287567, 0.656067, 0.656067
0.287884, 0.655929, 0.655929
0.288200, 0.655790, 0.655790
0.288516, 0.655651, 0.655651
0.288833, 0.655511, 0.655511
0.289149, 0.655370, 0.655370
0.289465, 0.655229, 0.655229
0.289782, 0.655087, 0.655087
0.290098, 0.654945, 0.654945
0.290414, 0.654803, 0.654803
0.290731, 0.654659, 0.654659
0.291047, 0.654515, 0.654515
0.291363, 0.654371, 0.654371
0.291680, 0.654226, 0.654226
0.291996, 0.654081, 0.654081
0.292313, 0.653935, 0.653935
0.292629, 0.653788, 0.653788
0.292945, 0.653641, 0.653641
0.293262, 0.653494, 0.653494
0.293578, 0.653345, 0.653345
0.293894, 0.653197, 0.653197
0.294211, 0.653048, 0.653048
0.294527, 0.652898, 0.652898
0.294843, 0.652748, 0.652748
0.295160, 0.652597, 0.652597
0.295476, 0.652446, 0.652446
0.295792, 0.652294, 0.652294
0.296109, 0.652142, 0.652142
0.296425, 0.651989, 0.651989
0.296742, 0.651835, 0.651835
0.297058, 0.651681, 0.651681
0.297374, 0.651527, 0.651527
0.297691, 0.651372, 0.651372
0.298007, 0.651217, 0.651217
0.298323, 0.651061, 0.651061
0.298640, 0.650904, 0.650904
0.298956, 0.650747, 0.650747
0.299272, 0.650590, 0.650590
0.299589, 0.650432, 0.650432
0.299905, 0.650274, 0.650274
0.300221, 0.650115, 0.650115
0.300538, 0.649955, 0.649955
0.300854, 0.649795, 0.649795
0.301171, 0.649635, 0.649635
0.301487, 0.649474, 0.649474
0.301803, 0.649313, 0.649313
0.302120, 0.649151, 0.649151
0.302436, 0.648988, 0.648988
0.302752, 0.648825, 0.648825
0.303069, 0.648662, 0.648662
0.303385, 0.648498, 0.648498
0.303701, 0.648334, 0.648334
0.304018, 0.648169, 0.648169
0.304334, 0.648004, 0.648004
0.304650, 0.647838, 0.647838
0.304967, 0.647672, 0.647672
0.305283, 0.647505, 0.647505
0.305599, 0.647338, 0.647338
0.305916, 0.647170, 0.647170
0.306232, 0.647002, 0.647002
0.306549, 0.646834, 0.646834
0.306865, 0.646665, 0.646665
0.307181, 0.646495, 0.646495
0.307498, 0.646325, 0.646325
0.307814, 0.646155, 0.646155
0.308130, 0.645984, 0.645984
0.308447, 0.645812, 0.645812
0.308763, 0.645641, 0.645641
0.309079, 0.645468, 0.645468
0.309396, 0.645296, 0.645296
0.309712, 0.645122, 0.645122
0.310028, 0.644949, 0.644949
0.310345, 0.644775, 0.644775
0.310661, 0.644600, 0.644600
0.310978, 0.644425, 0.644425
0.311294, 0.644250, 0.644250
0.311610, 0.644074, 0.644074
0.311927, 0.643897, 0.643897
0.312243, 0.643721, 0.643721
0.312559, 0.643543, 0.643543
0.312876, 0.643366, 0.643366
0.313192, 0.643188, 0.643188
0.313508, 0.643009, 0.643009
0.313825, 0.642830, 0.642830
0.314141, 0.642651, 0.642651
0.314457, 0.642471, 0.642471
0.314774, 0.642291, 0.642291
0.315090, 0.642110, 0.642110
0.315407, 0.641929, 0.641929
0.315723, 0.641747, 0.641747
0.316039, 0.641565, 0.641565
0.316356, 0.641383, 0.641383
0.316672, 0.641200, 0.641200
0.316988, 0.641017, 0.641017
0.317305, 0.640833, 0.640833
0.317621, 0.640649, 0.640649
0.317937, 0.640465, 0.640465
0.318254, 0.640280, 0.640280
0.318570, 0.640095, 0.640095
0.318886, 0.639909, 0.639909
0.319203, 0.639723, 0.639723
0.319519, 0.639536, 0.639536
0.319835, 0.639349, 0.639349
0.320152, 0.639162, 0.639162
0.320468, 0.638974, 0.638974
0.320785, 0.638786, 0.638786
0.321101, 0.638597, 0.638597
0.321417, 0.638408, 0.638408
0.321734, 0.638219, 0.638219
0.322050, 0.638029, 0.638029
0.322366, 0.637839, 0.637839
0.322683, 0.637648, 0.637648
0.322999, 0.637457, 0.637457
0.323315, 0.637266, 0.637266
0.323632, 0.637074, 0.637074
0.323948, 0.636882, 0.636882
0.324264, 0.636689, 0.636689
0.324581, 0.636496, 0.636496
0.324897, 0.636303, 0.636303
0.325214, 0.636109, 0.636109
0.325530, 0.635915, 0.635915
0.325846, 0.635721, 0.635721
0.326163, 0.635526, 0.635526
0.326479, 0.635330, 0.635330
0.326795, 0.635135, 0.635135
0.327112, 0.634939, 0.634939
0.327428, 0.634742, 0.634742
0.327744, 0.634545, 0.634545
0.328061, 0.634348, 0.634348
0.328377, 0.634151, 0.634151
0.328693, 0.633953, 0.633953
0.329010, 0.633754, 0.633754
0.329326, 0.633556, 0.633556
0.329643, 0.633357, 0.633357
0.329959, 0.633157, 0.633157
0.330275, 0.632957, 0.632957
0.330592, 0.632757, 0.632757
0.330908, 0.632557, 0.632557
0.331224, 0.632356, 0.632356
0.331541, 0.632155, 0.632155
0.331857, 0.631953, 0.631953
0.332173, 0.631751, 0.631751
0.332490, 0.631549, 0.631549
0.332806, 0.631346, 0.631346
0.333122, 0.631143, 0.631143
0.333439, 0.630939, 0.630939
0.333755, 0.630736, 0.630736
0.334071, 0.630532, 0.630532
0.334388, 0.630327, 0.630327
0.334704, 0.630122, 0.630122
0.335021, 0.629917, 0.629917
0.335337, 0.629711, 0.629711
0.335653, 0.629506, 0.629506
0.335970, 0.629299, 0.629299
0.336286, 0.629093, 0.629093
0.336602, 0.628886, 0.628886
0.336919, 0.628678, 0.628678
0.337235, 0.628471, 0.628471
0.337551, 0.628263, 0.628263
0.337868, 0.628055, 0.628055
0.338184, 0.627846, 0.627846
0.338500, 0.627637, 0.627637
0.338817, 0.627428, 0.627428
0.339133, 0.627218, 0.627218
0.339450, 0.627008, 0.627008
0.339766, 0.626798, 0.626798
0.340082, 0.626587, 0.626587
0.340399, 0.626376, 0.626376
0.340715, 0.626164, 0.626164
0.341031, 0.625953, 0.625953
0.341348, 0.625741, 0.625741
0.341664, 0.625528, 0.625528
0.341980, 0.625316, 0.625316
0.342297, 0.625103, 0.625103
0.342613, 0.624889, 0.624889
0.342929, 0.624676, 0.624676
0.343246, 0.624462, 0.624462
0.343562, 0.624248, 0.624248
0.343879, 0.624033, 0.624033
0.344195, 0.623818, 0.623818
0.344511, 0.623603, 0.623603
0.344828, 0.623387, 0.623387
0.345144, 0.623171, 0.623171
0.345460, 0.622955, 0.622955
0.345777, 0.622738, 0.622738
0.346093, 0.622522, 0.622522
0.346409, 0.622304, 0.622304
0.346726, 0.622087, 0.622087
0.347042, 0.621869, 0.621869
0.347358, 0.621651, 0.621651
0.347675, 0.621433, 0.621433
0.347991, 0.621214, 0.621214
0.348307, 0.620995, 0.620995
0.348624, 0.620776, 0.620776
0.348940, 0.620556, 0.620556
0.349257, 0.620336, 0.620336
0.349573, 0.620116, 0.620116
0.349889, 0.619895, 0.619895
0.350206, 0.619674, 0.619674
0.350522, 0.619453, 0.619453
0.350838, 0.619232, 0.619232
0.351155, 0.619010, 0.619010
0.351471, 0.618788, 0.618788
0.351787, 0.618566, 0.618566
0.352104, 0.618343, 0.618343
0.352420, 0.618120, 0.618120
0.352736, 0.617897, 0.617897
0.353053, 0.617673, 0.617673
0.353369, 0.617449, 0.617449
0.353686, 0.617225, 0.617225
0.354002, 0.617001, 0.617001
0.354318, 0.616776, 0.616776
0.354635, 0.616551, 0.616551
0.354951, 0.616326, 0.616326
0.355267, 0.616100, 0.616100
0.355584, 0.615874, 0.615874
0.355900, 0.615648, 0.615648
0.356216, 0.615422, 0.615422
0.356533, 0.615195, 0.615195
0.356849, 0.614968, 0.614968
0.357165, 0.614741, 0.614741
0.357482, 0.614513, 0.614513
0.357798, 0.614286, 0.614286
0.358115, 0.614057, 0.614057
0.358431, 0.613829, 0.613829
0.358747, 0.613600, 0.613600
0.359064, 0.613371, 0.613371
0.359380, 0.613142, 0.613142
0.359696, 0.612913, 0.612913
0.360013, 0.612683, 0.612683
0.360329, 0.612453, 0.612453
0.360645, 0.612223, 0.612223
0.360962, 0.611992, 0.611992
0.361278, 0.611761, 0.611761
0.361594, 0.611530, 0.611530
0.361911, 0.611299, 0.611299
0.362227, 0.611067, 0.611067
0.362543, 0.610835, 0.610835
0.362860, 0.610603, 0.610603
0.363176, 0.610370, 0.610370
0.363493, 0.610138, 0.610138
0.363809, 0.609905, 0.609905
0.364125, 0.609671, 0.609671
0.364442, 0.609438, 0.609438
0.364758, 0.609204, 0.609204
0.365074, 0.608970, 0.608970
0.365391, 0.608736, 0.608736
0.365707, 0.608501, 0.608501
0.366023, 0.608266, 0.608266
0.366340, 0.608031, 0.608031
0.366656, 0.607796, 0.607796
0.366972, 0.607560, 0.607560
0.367289, 0.607324, 0.607324
0.367605, 0.607088, 0.607088
0.367922, 0.606852, 0.606852
0.368238, 0.606615, 0.606615
0.368554, 0.606378, 0.606378
0.368871, 0.606141, 0.606141
0.369187, 0.605904, 0.605904
0.369503, 0.605666, 0.605666
0.369820, 0.605428, 0.605428
0.370136, 0.605190, 0.605190
0.370452, 0.604952, 0.604952
0.370769, 0.604713, 0.604713
0.371085, 0.604475, 0.604475
0.371401, 0.604235, 0.604235
0.371718, 0.603996, 0.603996
0.372034, 0.603757, 0.603757
0.372351, 0.603517, 0.603517
0.372667, 0.603277, 0.603277
0.372983, 0.603036, 0.603036
0.373300, 0.602796, 0.602796
0.373616, 0.602555, 0.602555
0.373932, 0.602314, 0.602314
0.374249, 0.602073, 0.602073
0.374565, 0.601831, 0.601831
0.374881, 0.601589, 0.601589
0.375198, 0.601348, 0.601348
0.375514, 0.601105, 0.601105
0.375830, 0.600863, 0.600863
0.376147, 0.600620, 0.600620
0.376463, 0.600377, 0.600377
0.376780, 0.600134, 0.600134
0.377096, 0.599891, 0.599891
0.377412, 0.599647, 0.599647
0.377729, 0.599403, 0.599403
0.378045, 0.599159, 0.599159
0.378361, 0.598915, 0.598915
0.378678, 0.598670, 0.598670
0.378994, 0.598426, 0.598426
0.379310, 0.598181, 0.598181
0.379627, 0.597936, 0.597936
0.379943, 0.597690, 0.597690
0.380259, 0.597445, 0.597445
0.380576, 0.597199, 0.597199
0.380892, 0.596953, 0.596953
0.381208, 0.596706, 0.596706
0.381525, 0.596460, 0.596460
0.381841, 0.596213, 0.596213
0.382158, 0.595966, 0.595966
0.382474, 0.595719, 0.595719
0.382790, 0.595471, 0.595471
0.383107, 0.595224, 0.595224
0.383423, 0.594976, 0.594976
0.383739, 0.594728, 0.594728
0.384056, 0.594480, 0.594480
0.384372, 0.594231, 0.594231
0.384688, 0.593982, 0.593982
0.385005, 0.593734, 0.593734
0.385321, 0.593484, 0.593484
0.385637, 0.593235, 0.593235
0.385954, 0.592985, 0.592985
0.386270, 0.592736, 0.592736
0.386587, 0.592486, 0.592486
0.386903, 0.592236, 0.592236
0.387219, 0.591985, 0.591985
0.387536, 0.591735, 0.591735
0.387852, 0.591484, 0.591484
0.388168, 0.591233, 0.591233
0.388485, 0.590982, 0.590982
0.388801, 0.590730, 0.590730
0.389117, 0.590478, 0.590478
0.389434, 0.590227, 0.590227
0.389750, 0.589975, 0.589975
0.390066, 0.589722, 0.589722
0.390383, 0.589470, 0.589470
0.390699, 0.589217, 0.589217
0.391016, 0.588964, 0.588964
0.391332, 0.588711, 0.588711
0.391648, 0.588458, 0.588458
0.391965, 0.588205, 0.588205
0.392281, 0.587951, 0.587951
0.392597, 0.587697, 0.587697
0.392914, 0.587443, 0.587443
0.393230, 0.587189, 0.587189
0.393546, 0.586934, 0.586934
0.393863, 0.586680, 0.586680
0.394179, 0.586425, 0.586425
0.394495, 0.586170, 0.586170
0.394812, 0.585915, 0.585915
0.395128, 0.585659, 0.585659
0.395444, 0.585404, 0.585404
0.395761, 0.585148, 0.585148
0.396077, 0.584892, 0.584892
0.396394, 0.584636, 0.584636
0.396710, 0.584379, 0.584379
0.397026, 0.584123, 0.584123
0.397343, 0.583866, 0.583866
0.397659, 0.583609, 0.583609
0.397975, 0.583352, 0.583352
0.398292, 0.583095, 0.583095
0.398608, 0.582837, 0.582837
0.398924, 0.582580, 0.582580
0.399241, 0.582322, 0.582322
0.399557, 0.582064, 0.582064
0.399873, 0.581805, 0.581805
0.400190, 0.581547, 0.581547
0.400506, 0.581288, 0.581288
0.400823, 0.581030, 0.581030
0.401139, 0.580771, 0.580771
0.401455, 0.580511, 0.580511
0.401772, 0.580252, 0.580252
0.402088, 0.579993, 0.579993
0.402404, 0.579733, 0.579733
0.402721, 0.579473, 0.579473
0.403037, 0.579213, 0.579213
0.403353, 0.578953, 0.578953
0.403670, 0.578692, 0.578692
0.403986, 0.578432, 0.578432
0.404302, 0.578171, 0.578171
0.404619, 0.577910, 0.577910
0.404935, 0.577649, 0.577649
0.405252, 0.577388, 0.577388
0.405568, 0.577126, 0.577126
0.405884, 0.576865, 0.576865
0.406201, 0.576603, 0.576603
0.406517, 0.576341, 0.576341
0.406833, 0.576079, 0.576079
0.407150, 0.575817, 0.575817
0.407466, 0.575554, 0.575554
0.407782, 0.575291, 0.575291
0.408099, 0.575029, 0.575029
0.408415, 0.574766, 0.574766
0.408731, 0.574502, 0.574502
0.409048, 0.574239, 0.574239
0.409364, 0.573976, 0.573976
0.409680, 0.573712, 0.573712
0.409997, 0.573448, 0.573448
0.410313, 0.573184, 0.573184
0.410630, 0.572920, 0.572920
0.410946, 0.572656, 0.572656
0.411262, 0.572391, 0.572391
0.411579, 0.572126, 0.572126
0.411895, 0.571862, 0.571862
0.412211, 0.571597, 0.571597
0.412528, 0.571332, 0.571332
0.412844, 0.571066, 0.571066
0.413160, 0.570801, 0.570801
0.413477, 0.570535, 0.570535
0.413793, 0.570269, 0.570269
0.414109, 0.570003, 0.570003
0.414426, 0.569737, 0.569737
0.414742, 0.569471, 0.569471
0.415059, 0.569205, 0.569205
0.415375, 0.568938, 0.568938
0.415691, 0.568671, 0.568671
0.416008, 0.568404, 0.568404
0.416324, 0.568137, 0.568137
0.416640, 0.567870, 0.567870
0.416957, 0.567603, 0.567603
0.417273, 0.567335, 0.567335
0.417589, 0.567068, 0.567068
0.417906, 0.566800, 0.566800
0.418222, 0.566532, 0.566532
0.418538, 0.566264, 0.566264
0.418855, 0.565995, 0.565995
0.419171, 0.565727, 0.565727
0.419488, 0.565458, 0.565458
0.419804, 0.565190, 0.565190
0.420120, 0.564921, 0.564921
0.420437, 0.564652, 0.564652
0.420753, 0.564383, 0.564383
0.421069, 0.564113, 0.564113
0.421386, 0.563844, 0.563844
0.421702, 0.563574, 0.563574
0.422018, 0.563304, 0.563304
0.422335, 0.563034, 0.563034
0.422651, 0.562764, 0.562764
0.422967, 0.562494, 0.562494
0.423284, 0.562224, 0.562224
0.423600, 0.561953, 0.561953
0.423916, 0.561683, 0.561683
0.424233, 0.561412, 0.561412
0.424549, 0.561141, 0.561141
0.424866, 0.560870, 0.560870
0.425182, 0.560599, 0.560599
0.425498, 0.560327, 0.560327
0.425815, 0.560056, 0.560056
0.426131, 0.559784, 0.559784
0.426447, 0.559512, 0.559512
0.426764, 0.559240, 0.559240
0.427080, 0.558968, 0.558968
0.427396, 0.558696, 0.558696
0.427713, 0.558424, 0.558424
0.428029, 0.558151, 0.558151
0.428345, 0.557879, 0.557879
0.428662, 0.557606, 0.557606
0.428978, 0.557333, 0.557333
0.429295, 0.557060, 0.557060
0.429611, 0.556787, 0.556787
0.429927, 0.556513, 0.556513
0.430244, 0.556240, 0.556240
0.430560, 0.555966, 0.555966
0.430876, 0.555693, 0.555693
0.431193, 0.555419, 0.555419
0.431509, 0.555145, 0.555145
0.431825, 0.554871, 0.554871
0.432142, 0.554596, 0.554596
0.432458, 0.554322, 0.554322
0.432774, 0.554047, 0.554047
0.433091, 0.553773, 0.553773
0.433407, 0.553498, 0.553498
0.433724, 0.553223, 0.553223
0.434040, 0.552948, 0.552948
0.434356, 0.552673, 0.552673
0.434673, 0.552398, 0.552398
0.434989, 0.552122, 0.552122
0.435305, 0.551847, 0.551847
0.435622, 0.551571, 0.551571
0.435938, 0.551295, 0.551295
0.436254, 0.551019, 0.551019
0.436571, 0.550743, 0.550743
0.436887, 0.550467, 0.550467
0.437203, 0.550190, 0.550190
0.437520, 0.549914, 0.549914
0.437836, 0.549637, 0.549637
0.438152, 0.549361, 0.549361
0.438469, 0.549084, 0.549084
0.438785, 0.548807, 0.548807
0.439102, 0.548530, 0.548530
0.439418, 0.548253, 0.548253
0.439734, 0.547975, 0.547975
0.440051, 0.547698, 0.547698
0.440367, 0.547420, 0.547420
0.440683, 0.547142, 0.547142
0.441000, 0.546865, 0.546865
0.441316, 0.546587, 0.546587
0.441632, 0.546309, 0.546309
0.441949, 0.546030, 0.546030
0.442265, 0.545752, 0.545752
0.442581, 0.545474, 0.545474
0.442898, 0.545195, 0.545195
0.443214, 0.544916, 0.544916
0.443531, 0.544638, 0.544638
0.443847, 0.544359, 0.544359
0.444163, 0.544080, 0.544080
0.444480, 0.543801, 0.543801
0.444796, 0.543521, 0.543521
0.445112, 0.543242, 0.543242
0.445429, 0.542962, 0.542962
0.445745, 0.542683, 0.542683
0.446061, 0.542403, 0.542403
0.446378, 0.542123, 0.542123
0.446694, 0.541843, 0.541843
0.447010, 0.541563, 0.541563
0.447327, 0.541283, 0.541283
0.447643, 0.541003, 0.541003
0.447960, 0.540722, 0.540722
0.448276, 0.540442, 0.540442
0.448592, 0.540161, 0.540161
0.448909, 0.539880, 0.539880
0.449225, 0.539600, 0.539600
0.449541, 0.539319, 0.539319
0.449858, 0.539038, 0.539038
0.450174, 0.538756, 0.538756
0.450490, 0.538475, 0.538475
0.450807, 0.538194, 0.538194
0.451123, 0.537912, 0.537912
0.451439, 0.537630, 0.537630
0.451756, 0.537349, 0.537349
0.452072, 0.537067, 0.537067
0.452388, 0.536785, 0.536785
0.452705, 0.536503, 0.536503
0.453021, 0.536221, 0.536221
0.453338, 0.535938, 0.535938
0.453654, 0.535656, 0.535656
0.453970, 0.535373, 0.535373
0.454287, 0.535091, 0.535091
0.454603, 0.534808, 0.534808
0.454919, 0.534525, 0.534525
0.455236, 0.534242, 0.534242
0.455552, 0.533959, 0.533959
0.455868, 0.533676, 0.533676
0.456185, 0.533393, 0.533393
0.456501, 0.533109, 0.533109
0.456817, 0.532826, 0.532826
0.457134, 0.532542, 0.532542
0.457450, 0.532259, 0.532259
0.457767, 0.531975, 0.531975
0.458083, 0.531691, 0.531691
0.458399, 0.531407, 0.531407
0.458716, 0.531123, 0.531123
0.459032, 0.530839, 0.530839
0.459348, 0.530555, 0.530555
0.459665, 0.530270, 0.530270
0.459981, 0.529986, 0.529986
0.460297, 0.529701, 0.529701
0.460614, 0.529416, 0.529416
0.460930, 0.529132, 0.529132
0.461246, 0.528847, 0.528847
0.461563, 0.528562, 0.528562
0.461879, 0.528277, 0.528277
0.462196, 0.527991, 0.527991
0.462512, 0.527706, 0.527706
0.462828, 0.527421, 0.527421
0.463145, 0.527135, 0.527135
0.463461, 0.526850, 0.526850
0.463777, 0.526564, 0.526564
0.464094, 0.526278, 0.526278
0.464410, 0.525992, 0.525992
0.464726, 0.525707, 0.525707
0.465043, 0.525420, 0.525420
0.465359, 0.525134, 0.525134
0.465675, 0.524848, 0.524848
0.465992, 0.524562, 0.524562
0.466308, 0.524275, 0.524275
0.466624, 0.523989, 0.523989
0.466941, 0.523702, 0.523702
0.467257, 0.523415, 0.523415
0.467574, 0.523129, 0.523129
0.467890, 0.522842, 0.522842
0.468206, 0.522555, 0.522555
0.468523, 0.522268, 0.522268
0.468839, 0.521980, 0.521980
0.469155, 0.521693, 0.521693
0.469472, 0.521406, 0.521406
0.469788, 0.521118, 0.521118
0.470104, 0.520831, 0.520831
0.470421, 0.520543, 0.520543
0.470737, 0.520255, 0.520255
0.471053, 0.519968, 0.519968
0.471370, 0.519680, 0.519680
0.471686, 0.519392, 0.519392
0.472003, 0.519104, 0.519104
0.472319, 0.518815, 0.518815
0.472635, 0.518527, 0.518527
0.472952, 0.518239, 0.518239
0.473268, 0.517950, 0.517950
0.473584, 0.517662, 0.517662
0.473901, 0.517373, 0.517373
0.474217, 0.517084, 0.517084
0.474533, 0.516796, 0.516796
0.474850, 0.516507, 0.516507
0.475166, 0.516218, 0.516218
0.475482, 0.515929, 0.515929
0.475799, 0.515640, 0.515640
0.476115, 0.515350, 0.515350
0.476432, 0.515061, 0.515061
0.476748, 0.514772, 0.514772
0.477064, 0.514482, 0.514482
0.477381, 0.514193, 0.514193
0.477697, 0.513903, 0.513903
0.478013, 0.513613, 0.513613
0.478330, 0.513323, 0.513323
0.478646, 0.513033, 0.513033
0.478962, 0.512743, 0.512743
0.479279, 0.512453, 0.512453
0.479595, 0.512163, 0.512163
0.479911, 0.511873, 0.511873
0.480228, 0.511583, 0.511583
0.480544, 0.511292, 0.511292
0.480860, 0.511002, 0.511002
0.481177, 0.510711, 0.510711
0.481493, 0.510420, 0.510420
0.481810, 0.510130, 0.510130
0.482126, 0.509839, 0.509839
0.482442, 0.509548, 0.509548
0.482759, 0.509257, 0.509257
0.483075, 0.508966, 0.508966
0.483391, 0.508675, 0.508675
0.483708, 0.508384, 0.508384
0.484024, 0.508092, 0.508092
0.484340, 0.507801, 0.507801
0.484657, 0.507510, 0.507510
0.484973, 0.507218, 0.507218
0.485289, 0.506926, 0.506926
0.485606, 0.506635, 0.506635
0.485922, 0.506343, 0.506343
0.486239, 0.506051, 0.506051
0.486555, 0.505759, 0.505759
0.486871, 0.505467, 0.505467
0.487188, 0.505175, 0.505175
0.487504, 0.504883, 0.504883
0.487820, 0.504591, 0.504591
0.488137, 0.504298, 0.504298
0.488453, 0.504006, 0.504006
0.488769, 0.503714, 0.503714
0.489086, 0.503421, 0.503421
0.489402, 0.503128, 0.503128
0.489718, 0.502836, 0.502836
0.490035, 0.502543, 0.502543
0.490351, 0.502250, 0.502250
0.490668, 0.501957, 0.501957
0.490984, 0.501664, 0.501664
0.491300, 0.501371, 0.501371
0.491617, 0.501078, 0.501078
0.491933, 0.500785, 0.500785
0.492249, 0.500492, 0.500492
0.492566, 0.500198, 0.500198
0.492882, 0.499905, 0.499905
0.493198, 0.499611, 0.499611
0.493515, 0.499318, 0.499318
0.493831, 0.499024, 0.499024
0.494147, 0.498731, 0.498731
0.494464, 0.498437, 0.498437
0.494780, 0.498143, 0.498143
0.495096, 0.497849, 0.497849
0.495413, 0.497555, 0.497555
0.495729, 0.497261, 0.497261
0.496046, 0.496967, 0.496967
0.496362, 0.496673, 0.496673
0.496678, 0.496378, 0.496378
0.496995, 0.496084, 0.496084
0.497311, 0.495790, 0.495790
0.497627, 0.495495, 0.495495
0.497944, 0.495201, 0.495201
0.498260, 0.494906, 0.494906
0.498576, 0.494611, 0.494611
0.498893, 0.494317, 0.494317
0.499209, 0.494022, 0.494022
0.499525, 0.493727, 0.493727
0.499842, 0.493432, 0.493432
0.500158, 0.493137, 0.493137
0.500475, 0.492842, 0.492842
0.500791, 0.492547, 0.492547
0.501107, 0.492251, 0.492251
0.501424, 0.491956, 0.491956
0.501740, 0.491661, 0.491661
0.502056, 0.491365, 0.491365
0.502373, 0.491070, 0.491070
0.502689, 0.490774, 0.490774
0.503005, 0.490479, 0.490479
0.503322, 0.490183, 0.490183
0.503638, 0.489887, 0.489887
0.503954, 0.489591, 0.489591
0.504271, 0.489295, 0.489295
0.504587, 0.488999, 0.488999
0.504904, 0.488703, 0.488703
0.505220, 0.488407, 0.488407
0.505536, 0.488111, 0.488111
0.505853, 0.487815, 0.487815
0.506169, 0.487519, 0.487519
0.506485, 0.487222, 0.487222
0.506802, 0.486926, 0.486926
0.507118, 0.486630, 0.486630
0.507434, 0.486333, 0.486333
0.507751, 0.486037, 0.486037
0.508067, 0.485740, 0.485740
0.508383, 0.485443, 0.485443
0.508700, 0.485146, 0.485146
0.509016, 0.484850, 0.484850
0.509332, 0.484553, 0.484553
0.509649, 0.484256, 0.484256
0.509965, 0.483959, 0.483959
0.510282, 0.483662, 0.483662
0.510598, 0.483364, 0.483364
0.510914, 0.483067, 0.483067
0.511231, 0.482770, 0.482770
0.511547, 0.482473, 0.482473
0.511863, 0.482175, 0.482175
0.512180, 0.481878, 0.481878
0.512496, 0.481580, 0.481580
0.512812, 0.481283, 0.481283
0.513129, 0.480985, 0.480985
0.513445, 0.480688, 0.480688
0.513761, 0.480390, 0.480390
0.514078, 0.480092, 0.480092
0.514394, 0.479794, 0.479794
0.514711, 0.479496, 0.479496
0.515027, 0.479198, 0.479198
0.515343, 0.478900, 0.478900
0.515660, 0.478602, 0.478602
0.515976, 0.478304, 0.478304
0.516292, 0.478006, 0.478006
0.516609, 0.477708, 0.477708
0.516925, 0.477409, 0.477409
0.517241, 0.477111, 0.477111
0.517558, 0.476812, 0.476812
0.517874, 0.476514, 0.476514
0.518190, 0.476215, 0.476215
0.518507, 0.475917, 0.475917
0.518823, 0.475618, 0.475618
0.519140, 0.475319, 0.475319
0.519456, 0.475021, 0.475021
0.519772, 0.474722, 0.474722
0.520089, 0.474423, 0.474423
0.520405, 0.474124, 0.474124
0.520721, 0.473825, 0.473825
0.521038, 0.473526, 0.473526
0.521354, 0.473227, 0.473227
0.521670, 0.472928, 0.472928
0.521987, 0.472629, 0.472629
0.522303, 0.472329, 0.472329
0.522619, 0.472030, 0.472030
0.522936, 0.471731, 0.471731
0.523252, 0.471431, 0.471431
0.523568, 0.471132, 0.471132
0.523885, 0.470832, 0.470832
0.524201, 0.470533, 0.470533
0.524518, 0.470233, 0.470233
0.524834, 0.469933, 0.469933
0.525150, 0.469634, 0.469634
0.525467, 0.469334, 0.469334
0.525783, 0.469034, 0.469034
0.526099, 0.468734, 0.468734
0.526416, 0.468434, 0.468434
0.526732, 0.468134, 0.468134
0.527048, 0.467834, 0.467834
0.527365, 0.467534, 0.467534
0.527681, 0.467234, 0.467234
0.527997, 0.466934, 0.466934
0.528314, 0.466633, 0.466633
0.528630, 0.466333, 0.466333
0.528947, 0.466033, 0.466033
0.529263, 0.465732, 0.465732
0.529579, 0.465432, 0.465432
0.529896, 0.465131, 0.465131
0.530212, 0.464831, 0.464831
0.530528, 0.464530, 0.464530
0.530845, 0.464229, 0.464229
0.531161, 0.463929, 0.463929
0.531477, 0.463628, 0.463628
0.531794, 0.463327, 0.463327
0.532110, 0.463026, 0.463026
0.532426, 0.462725, 0.462725
0.532743, 0.462424, 0.462424
0.533059, 0.462123, 0.462123
0.533376, 0.461822, 0.461822
0.533692, 0.461521, 0.461521
0.534008, 0.461220, 0.461220
0.534325, 0.460919, 0.460919
0.534641, 0.460618, 0.460618
0.534957, 0.460316, 0.460316
0.535274, 0.460015, 0.460015
0.535590, 0.459714, 0.459714
0.535906, 0.459412, 0.459412
0.536223, 0.459111, 0.459111
0.536539, 0.458809, 0.458809
0.536855, 0.458508, 0.458508
0.537172, 0.458206, 0.458206
0.537488, 0.457904, 0.457904
0.537804, 0.457603, 0.457603
0.538121, 0.457301, 0.457301
0.538437, 0.456999, 0.456999
0.538754, 0.456697, 0.456697
0.539070, 0.456395, 0.456395
0.539386, 0.456093, 0.456093
0.539703, 0.455791, 0.455791
0.540019, 0.455489, 0.455489
0.540335, 0.455187, 0.455187
0.540652, 0.454885, 0.454885
0.540968, 0.454583, 0.454583
0.541284, 0.454281, 0.454281
0.541601, 0.453979, 0.453979
0.541917, 0.453676, 0.453676
0.542233, 0.453374, 0.453374
0.542550, 0.453072, 0.453072
0.542866, 0.452769, 0.452769
0.543183, 0.452467, 0.452467
0.543499, 0.452164, 0.452164
0.543815, 0.451862, 0.451862
0.544132, 0.451559, 0.451559
0.544448, 0.451256, 0.451256
0.544764, 0.450954, 0.450954
0.545081, 0.450651, 0.450651
0.545397, 0.450348, 0.450348
0.545713, 0.450045, 0.450045
0.546030, 0.449742, 0.449742
0.546346, 0.449439, 0.449439
0.546662, 0.449137, 0.449137
0.546979, 0.448834, 0.448834
0.547295, 0.448530, 0.448530
0.547612, 0.448227, 0.448227
0.547928, 0.447924, 0.447924
0.548244, 0.447621, 0.447621
0.548561, 0.447318, 0.447318
0.548877, 0.447015, 0.447015
0.549193, 0.446711, 0.446711
0.549510, 0.446408, 0.446408
0.549826, 0.446105, 0.446105
0.550142, 0.445801, 0.445801
0.550459, 0.445498, 0.445498
0.550775, 0.445194, 0.445194
0.551091, 0.444891, 0.444891
0.551408, 0.444587, 0.444587
0.551724, 0.444284, 0.444284
0.552040, 0.443980, 0.443980
0.552357, 0.443676, 0.443676
0.552673, 0.443373, 0.443373
0.552990, 0.443069, 0.443069
0.553306, 0.442765, 0.442765
0.553622, 0.442461, 0.442461
0.553939, 0.442157, 0.442157
0.554255, 0.441853, 0.441853
0.554571, 0.441549, 0.441549
0.554888, 0.441245, 0.441245
0.555204, 0.440941, 0.440941
0.555520, 0.440637, 0.440637
0.555837, 0.440333, 0.440333
0.556153, 0.440029, 0.440029
0.556469, 0.439725, 0.439725
0.556786, 0.439420, 0.439420
0.557102, 0.439116, 0.439116
0.557419, 0.438812, 0.438812
0.557735, 0.438507, 0.438507
0.558051, 0.438203, 0.438203
0.558368, 0.437899, 0.437899
0.558684, 0.437594, 0.437594
0.559000, 0.437290, 0.437290
0.559317, 0.436985, 0.436985
0.559633, 0.436681, 0.436681
0.559949, 0.436376, 0.436376
0.560266, 0.436071, 0.436071
0.560582, 0.435767, 0.435767
0.560898, 0.435462, 0.435462
0.561215, 0.435157, 0.435157
0.561531, 0.434852, 0.434852
0.561848, 0.434547, 0.434547
0.562164, 0.434243, 0.434243
0.562480, 0.433938, 0.433938
0.562797, 0.433633, 0.433633
0.563113, 0.433328, 0.433328
0.563429, 0.433023, 0.433023
0.563746, 0.432718, 0.432718
0.564062, 0.432413, 0.432413
0.564378, 0.432107, 0.432107
0.564695, 0.431802, 0.431802
0.565011, 0.431497, 0.431497
0.565327, 0.431192, 0.431192
0.565644, 0.430887, 0.430887
0.565960, 0.430581, 0.430581
0.566276, 0.430276, 0.430276
0.566593, 0.429971, 0.429971
0.566909, 0.429665, 0.429665
0.567226, 0.429360, 0.429360
0.567542, 0.429054, 0.429054
0.567858, 0.428749, 0.428749
0.568175, 0.428443, 0.428443
0.568491, 0.428138, 0.428138
0.568807, 0.427832, 0.427832
0.569124, 0.427526, 0.427526
0.569440, 0.427221, 0.427221
0.569756, 0.426915, 0.426915
0.570073, 0.426609, 0.426609
0.570389, 0.426303, 0.426303
0.570705, 0.425998, 0.425998
0.571022, 0.425692, 0.425692
0.571338, 0.425386, 0.425386
0.571655, 0.425080, 0.425080
0.571971, 0.424774, 0.424774
0.572287, 0.424468, 0.424468
0.572604, 0.424162, 0.424162
0.572920, 0.423856, 0.423856
0.573236, 0.423550, 0.423550
0.573553, 0.423244, 0.423244
0.573869, 0.422938, 0.422938
0.574185, 0.422632, 0.422632
0.574502, 0.422325, 0.422325
0.574818, 0.422019, 0.422019
0.575134, 0.421713, 0.421713
0.575451, 0.421407, 0.421407
0.575767, 0.421100, 0.421100
0.576084, 0.420794, 0.420794
0.576400, 0.420487, 0.420487
0.576716, 0.420181, 0.420181
0.577033, 0.419875, 0.419875
0.577349, 0.419568, 0.419568
0.577665, 0.419262, 0.419262
0.577982, 0.418955, 0.418955
0.578298, 0.418648, 0.418648
0.578614, 0.418342, 0.418342
0.578931, 0.418035, 0.418035
0.579247, 0.417728, 0.417728
0.579563, 0.417422, 0.417422
0.579880, 0.417115, 0.417115
0.580196, 0.416808, 0.416808
0.580512, 0.416501, 0.416501
0.580829, 0.416195, 0.416195
0.581145, 0.415888, 0.415888
0.581462, 0.415581, 0.415581
0.581778, 0.415274, 0.415274
0.582094, 0.414967, 0.414967
0.582411, 0.414660, 0.414660
0.582727, 0.414353, 0.414353
0.583043, 0.414046, 0.414046
0.583360, 0.413739, 0.413739
0.583676, 0.413432, 0.413432
0.583992, 0.413125, 0.413125
0.584309, 0.412818, 0.412818
0.584625, 0.412510, 0.412510
0.584941, 0.412203, 0.412203
0.585258, 0.411896, 0.411896
0.585574, 0.411589, 0.411589
0.585891, 0.411281, 0.411281
0.586207, 0.410974, 0.410974
0.586523, 0.410667, 0.410667
0.586840, 0.410359, 0.410359
0.587156, 0.410052, 0.410052
0.587472, 0.409744, 0.409744
0.587789, 0.409437, 0.409437
0.588105, 0.409129, 0.409129
0.588421, 0.408822, 0.408822
0.588738, 0.408514, 0.408514
0.589054, 0.408207, 0.408207
0.589370, 0.407899, 0.407899
0.589687, 0.407592, 0.407592
0.590003, 0.407284, 0.407284
0.590320, 0.406976, 0.406976
0.590636, 0.406669, 0.406669
0.590952, 0.406361, 0.406361
0.591269, 0.406053, 0.406053
0.591585, 0.405745, 0.405745
0.591901, 0.405437, 0.405437
0.592218, 0.405130, 0.405130
0.592534, 0.404822, 0.404822
0.592850, 0.404514, 0.404514
0.593167, 0.404206, 0.404206
0.593483, 0.403898, 0.403898
0.593799, 0.403590, 0.403590
0.594116, 0.403282, 0.403282
0.594432, 0.402974, 0.402974
0.594748, 0.402666, 0.402666
0.595065, 0.402358, 0.402358
0.595381, 0.402050, 0.402050
0.595698, 0.401741, 0.401741
0.596014, 0.401433, 0.401433
0.596330, 0.401125, 0.401125
0.596647, 0.400817, 0.400817
0.596963, 0.400509, 0.400509
0.597279, 0.400200, 0.400200
0.597596, 0.399892, 0.399892
0.597912, 0.399584, 0.399584
0.598228, 0.399275, 0.399275
0.598545, 0.398967, 0.398967
0.598861, 0.398659, 0.398659
0.599177, 0.398350, 0.398350
0.599494, 0.398042, 0.398042
0.599810, 0.397733, 0.397733
0.600127, 0.397425, 0.397425
0.600443, 0.397116, 0.397116
0.600759, 0.396808, 0.396808
0.601076, 0.396499, 0.396499
0.601392, 0.396191, 0.396191
0.601708, 0.395882, 0.395882
0.602025, 0.395573, 0.395573
0.602341, 0.395265, 0.395265
0.602657, 0.394956, 0.394956
0.602974, 0.394647, 0.394647
0.603290, 0.394338, 0.394338
0.603606, 0.394030, 0.394030
0.603923, 0.393721, 0.393721
0.604239, 0.393412, 0.393412
0.604556, 0.393103, 0.393103
0.604872, 0.392794, 0.392794
0.605188, 0.392485, 0.392485
0.605505, 0.392177, 0.392177
0.605821, 0.391868, 0.391868
0.606137, 0.391559, 0.391559
0.606454, 0.391250, 0.391250
0.606770, 0.390941, 0.390941
0.607086, 0.390632, 0.390632
0.607403, 0.390323, 0.390323
0.607719, 0.390014, 0.390014
0.608035, 0.389704, 0.389704
0.608352, 0.389395, 0.389395
0.608668, 0.389086, 0.389086
0.608984, 0.388777, 0.388777
0.609301, 0.388468, 0.388468
0.609617, 0.388159, 0.388159
0.609934, 0.387849, 0.387849
0.610250, 0.387540, 0.387540
0.610566, 0.387231, 0.387231
0.610883, 0.386922, 0.386922
0.611199, 0.386612, 0.386612
0.611515, 0.386303, 0.386303
0.611832, 0.385994, 0.385994
0.612148, 0.385684, 0.385684
0.612464, 0.385375, 0.385375
0.612781, 0.385065, 0.385065
0.613097, 0.384756, 0.384756
0.613413, 0.384446, 0.384446
0.613730, 0.384137, 0.384137
0.614046, 0.383827, 0.383827
0.614363, 0.383518, 0.383518
0.614679, 0.383208, 0.383208
0.614995, 0.382899, 0.382899
0.615312, 0.382589, 0.382589
0.615628, 0.382280, 0.382280
0.615944, 0.381970, 0.381970
0.616261, 0.381660, 0.381660
0.616577, 0.381351, 0.381351
0.616893, 0.381041, 0.381041
0.617210, 0.380731, 0.380731
0.617526, 0.380421, 0.380421
0.617842, 0.380112, 0.380112
0.618159, 0.379802, 0.379802
0.618475, 0.379492, 0.379492
0.618792, 0.379182, 0.379182
0.619108, 0.378872, 0.378872
0.619424, 0.378562, 0.378562
0.619741, 0.378253, 0.378253
0.620057, 0.377943, 0.377943
0.620373, 0.377633, 0.377633
0.620690, 0.377323, 0.377323
0.621006, 0.377013, 0.377013
0.621322, 0.376703, 0.376703
0.621639, 0.376393, 0.376393
0.621955, 0.376083, 0.376083
0.622271, 0.375773, 0.375773
0.622588, 0.375463, 0.375463
0.622904, 0.375152, 0.375152
0.623220, 0.374842, 0.374842
0.623537, 0.374532, 0.374532
0.623853, 0.374222, 0.374222
0.624170, 0.373912, 0.373912
0.624486, 0.373602, 0.373602
0.624802, 0.373292, 0.373292
0.625119, 0.372981, 0.372981
0.625435, 0.372671, 0.372671
0.625751, 0.372361, 0.372361
0.626068, 0.372050, 0.372050
0.626384, 0.371740, 0.371740
0.626700, 0.371430, 0.371430
0.627017, 0.371119, 0.371119
0.627333, 0.370809, 0.370809
0.627649, 0.370499, 0.370499
0.627966, 0.370188, 0.370188
0.628282, 0.369878, 0.369878
0.628599, 0.369567, 0.369567
0.628915, 0.369257, 0.369257
0.629231, 0.368947, 0.368947
0.629548, 0.368636, 0.368636
0.629864, 0.368326, 0.368326
0.630180, 0.368015, 0.368015
0.630497, 0.367704, 0.367704
0.630813, 0.367394, 0.367394
0.631129, 0.367083, 0.367083
0.631446, 0.366773, 0.366773
0.631762, 0.366462, 0.366462
0.632078, 0.366151, 0.366151
0.632395, 0.365841, 0.365841
0.632711, 0.365530, 0.365530
0.633028, 0.365219, 0.365219
0.633344, 0.364909, 0.364909
0.633660, 0.364598, 0.364598
0.633977, 0.364287, 0.364287
0.634293, 0.363976, 0.363976
0.634609, 0.363666, 0.363666
0.634926, 0.363355, 0.363355
0.635242, 0.363044, 0.363044
0.635558, 0.362733, 0.362733
0.635875, 0.362422, 0.362422
0.636191, 0.362111, 0.362111
0.636507, 0.361801, 0.361801
0.636824, 0.361490, 0.361490
0.637140, 0.361179, 0.361179
0.637457, 0.360868, 0.360868
0.637773, 0.360557, 0.360557
0.638089, 0.360246, 0.360246
0.638406, 0.359935, 0.359935
0.638722, 0.359624, 0.359624
0.639038, 0.359313, 0.359313
0.639355, 0.359002, 0.359002
0.639671, 0.358691, 0.358691
0.639987, 0.358380, 0.358380
0.640304, 0.358069, 0.358069
0.640620, 0.357757, 0.357757
0.640936, 0.357446, 0.357446
0.641253, 0.357135, 0.357135
0.641569, 0.356824, 0.356824
0.641885, 0.356513, 0.356513
0.642202, 0.356202, 0.356202
0.642518, 0.355890, 0.355890
0.642835, 0.355579, 0.355579
0.643151, 0.355268, 0.355268
0.643467, 0.354957, 0.354957
0.643784, 0.354645, 0.354645
0.644100, 0.354334, 0.354334
0.644416, 0.354023, 0.354023
0.644733, 0.353712, 0.353712
0.645049, 0.353400, 0.353400
0.645365, 0.353089, 0.353089
0.645682, 0.352777, 0.352777
0.645998, 0.352466, 0.352466
0.646314, 0.352155, 0.352155
0.646631, 0.351843, 0.351843
0.646947, 0.351532, 0.351532
0.647264, 0.351220, 0.351220
0.647580, 0.350909, 0.350909
0.647896, 0.350597, 0.350597
0.648213, 0.350286, 0.350286
0.648529, 0.349974, 0.349974
0.648845, 0.349663, 0.349663
0.649162, 0.349351, 0.349351
0.649478, 0.349040, 0.349040
0.649794, 0.348728, 0.348728
0.650111, 0.348417, 0.348417
0.650427, 0.348105, 0.348105
0.650743, 0.347794, 0.347794
0.651060, 0.347482, 0.347482
0.651376, 0.347170, 0.347170
0.651693, 0.346859, 0.346859
0.652009, 0.346547, 0.346547
0.652325, 0.346235, 0.346235
0.652642, 0.345924, 0.345924
0.652958, 0.345612, 0.345612
0.653274, 0.345300, 0.345300
0.653591, 0.344988, 0.344988
0.653907, 0.344677, 0.344677
0.654223, 0.344365, 0.344365
0.654540, 0.344053, 0.344053
0.654856, 0.343741, 0.343741
0.655172, 0.343429, 0.343429
0.655489, 0.343118, 0.343118
0.655805, 0.342806, 0.342806
0.656121, 0.342494, 0.342494
0.656438, 0.342182, 0.342182
0.656754, 0.341870, 0.341870
0.657071, 0.341558, 0.341558
0.657387, 0.341246, 0.341246
0.657703, 0.340934, 0.340934
0.658020, 0.340622, 0.340622
0.658336, 0.340310, 0.340310
0.658652, 0.339998, 0.339998
0.658969, 0.339686, 0.339686
0.659285, 0.339374, 0.339374
0.659601, 0.339062, 0.339062
0.659918, 0.338750, 0.338750
0.660234, 0.338438, 0.338438
0.660550, 0.338126, 0.338126
0.660867, 0.337814, 0.337814
0.661183, 0.337502, 0.337502
0.661500, 0.337190, 0.337190
0.661816, 0.336878, 0.336878
0.662132, 0.336566, 0.336566
0.662449, 0.336254, 0.336254
0.662765, 0.335942, 0.335942
0.663081, 0.335629, 0.335629
0.663398, 0.335317, 0.335317
0.663714, 0.335005, 0.335005
0.664030, 0.334693, 0.334693
0.664347, 0.334381, 0.334381
0.664663, 0.334068, 0.334068
0.664979, 0.333756, 0.333756
0.665296, 0.333444, 0.333444
0.665612, 0.333132, 0.333132
0.665929, 0.332819, 0.332819
0.666245, 0.332507, 0.332507
0.666561, 0.332195, 0.332195
0.666878, 0.331882, 0.331882
0.667194, 0.331570, 0.331570
0.667510, 0.331258, 0.331258
0.667827, 0.330945, 0.330945
0.668143, 0.330633, 0.330633
0.668459, 0.330321, 0.330321
0.668776, 0.330008, 0.330008
0.669092, 0.329696, 0.329696
0.669408, 0.329383, 0.329383
0.669725, 0.329071, 0.329071
0.670041, 0.328759, 0.328759
0.670357, 0.328446, 0.328446
0.670674, 0.328134, 0.328134
0.670990, 0.327821, 0.327821
0.671307, 0.327509, 0.327509
0.671623, 0.327196, 0.327196
0.671939, 0.326884, 0.326884
0.672256, 0.326571, 0.326571
0.672572, 0.326259, 0.326259
0.672888, 0.325946, 0.325946
0.673205, 0.325634, 0.325634
0.673521, 0.325321, 0.325321
0.673837, 0.325008, 0.325008
0.674154, 0.324696, 0.324696
0.674470, 0.324383, 0.324383
0.674786, 0.324071, 0.324071
0.675103, 0.323758, 0.323758
0.675419, 0.323445, 0.323445
0.675736, 0.323133, 0.323133
0.676052, 0.322820, 0.322820
0.676368, 0.322507, 0.322507
0.676685, 0.322195, 0.322195
0.677001, 0.321882, 0.321882
0.677317, 0.321569, 0.321569
0.677634, 0.321256, 0.321256
0.677950, 0.320944, 0.320944
0.678266, 0.320631, 0.320631
0.678583, 0.320318, 0.320318
0.678899, 0.320005, 0.320005
0.679215, 0.319693, 0.319693
0.679532, 0.319380, 0.319380
0.679848, 0.319067, 0.319067
0.680165, 0.318754, 0.318754
0.680481, 0.318441, 0.318441
0.680797, 0.318128, 0.318128
0.681114, 0.317816, 0.317816
0.681430, 0.317503, 0.317503
0.681746, 0.317190, 0.317190
0.682063, 0.316877, 0.316877
0.682379, 0.316564, 0.316564
0.682695, 0.316251, 0.316251
0.683012, 0.315938, 0.315938
0.683328, 0.315625, 0.315625
0.683644, 0.315312, 0.315312
0.683961, 0.314999, 0.314999
0.684277, 0.314687, 0.314687
0.684593, 0.314374, 0.314374
0.684910, 0.314061, 0.314061
0.685226, 0.313748, 0.313748
0.685543, 0.313435, 0.313435
0.685859, 0.313122, 0.313122
0.686175, 0.312809, 0.312809
0.686492, 0.312496, 0.312496
0.686808, 0.312182, 0.312182
0.687124, 0.311869, 0.311869
0.687441, 0.311556, 0.311556
0.687757, 0.311243, 0.311243
0.688073, 0.310930, 0.310930
0.688390, 0.310617, 0.310617
0.688706, 0.310304, 0.310304
0.689022, 0.309991, 0.309991
0.689339, 0.309678, 0.309678
0.689655, 0.309365, 0.309365
0.689972, 0.309051, 0.309051
0.690288, 0.308738, 0.308738
0.690604, 0.308425, 0.308425
0.690921, 0.308112, 0.308112
0.691237, 0.307799, 0.307799
0.691553, 0.307486, 0.307486
0.691870, 0.307172, 0.307172
0.692186, 0.306859, 0.306859
0.692502, 0.306546, 0.306546
0.692819, 0.306233, 0.306233
0.693135, 0.305919, 0.305919
0.693451, 0.305606, 0.305606
0.693768, 0.305293, 0.305293
0.694084, 0.304980, 0.304980
0.694401, 0.304666, 0.304666
0.694717, 0.304353, 0.304353
0.695033, 0.304040, 0.304040
0.695350, 0.303726, 0.303726
0.695666, 0.303413, 0.303413
0.695982, 0.303100, 0.303100
0.696299, 0.302786, 0.302786
0.696615, 0.302473, 0.302473
0.696931, 0.302160, 0.302160
0.697248, 0.301846, 0.301846
0.697564, 0.301533, 0.301533
0.697880, 0.301220, 0.301220
0.698197, 0.300906, 0.300906
0.698513, 0.300593, 0.300593
0.698829, 0.300279, 0.300279
0.699146, 0.299966, 0.299966
0.699462, 0.299653, 0.299653
0.699779, 0.299339, 0.299339
0.700095, 0.299026, 0.299026
0.700411, 0.298712, 0.298712
0.700728, 0.298399, 0.298399
0.701044, 0.298085, 0.298085
0.701360, 0.297772, 0.297772
0.701677, 0.297458, 0.297458
0.701993, 0.297145, 0.297145
0.702309, 0.296831, 0.296831
0.702626, 0.296518, 0.296518
0.702942, 0.296204, 0.296204
0.703258, 0.295891, 0.295891
0.703575, 0.295577, 0.295577
0.703891, 0.295263, 0.295263
0.704208, 0.294950, 0.294950
0.704524, 0.294636, 0.294636
0.704840, 0.294323, 0.294323
0.705157, 0.294009, 0.294009
0.705473, 0.293696, 0.293696
0.705789, 0.293382, 0.293382
0.706106, 0.293068, 0.293068
0.706422, 0.292755, 0.292755
0.706738, 0.292441, 0.292441
0.707055, 0.292127, 0.292127
0.707371, 0.291814, 0.291814
0.707687, 0.291500, 0.291500
0.708004, 0.291186, 0.291186
0.708320, 0.290873, 0.290873
0.708637, 0.290559, 0.290559
0.708953, 0.290245, 0.290245
0.709269, 0.289932, 0.289932
0.709586, 0.289618, 0.289618
0.709902, 0.289304, 0.289304
0.710218, 0.288990, 0.288990
0.710535, 0.288677, 0.288677
0.710851, 0.288363, 0.288363
0.711167, 0.288049, 0.288049
0.711484, 0.287735, 0.287735
0.711800, 0.287422, 0.287422
0.712116, 0.287108, 0.287108
0.712433, 0.286794, 0.286794
0.712749, 0.286480, 0.286480
0.713065, 0.286166, 0.286166
0.713382, 0.285853, 0.285853
0.713698, 0.285539, 0.285539
0.714015, 0.285225, 0.285225
0.714331, 0.284911, 0.284911
0.714647, 0.284597, 0.284597
0.714964, 0.284283, 0.284283
0.715280, 0.283970, 0.283970
0.715596, 0.283656, 0.283656
0.715913, 0.283342, 0.283342
0.716229, 0.283028, 0.283028
0.716545, 0.282714, 0.282714
0.716862, 0.282400, 0.282400
0.717178, 0.282086, 0.282086
0.717494, 0.281772, 0.281772
0.717811, 0.281458, 0.281458
0.718127, 0.281144, 0.281144
0.718444, 0.280831, 0.280831
0.718760, 0.280517, 0.280517
0.719076, 0.280203, 0.280203
0.719393, 0.279889, 0.279889
0.719709, 0.279575, 0.279575
0.720025, 0.279261, 0.279261
0.720342, 0.278947, 0.278947
0.720658, 0.278633, 0.278633
0.720974, 0.278319, 0.278319
0.721291, 0.278005, 0.278005
0.721607, 0.277691, 0.277691
0.721923, 0.277377, 0.277377
0.722240, 0.277063, 0.277063
0.722556, 0.276749, 0.276749
0.722873, 0.276435, 0.276435
0.723189, 0.276121, 0.276121
0.723505, 0.275807, 0.275807
0.723822, 0.275492, 0.275492
0.724138, 0.275178, 0.275178
0.724454, 0.274864, 0.274864
0.724771, 0.274550, 0.274550
0.725087, 0.274236, 0.274236
0.725403, 0.273922, 0.273922
0.725720, 0.273608, 0.273608
0.726036, 0.273294, 0.273294
0.726352, 0.272980, 0.272980
0.726669, 0.272666, 0.272666
0.726985, 0.272351, 0.272351
0.727301, 0.272037, 0.272037
0.727618, 0.271723, 0.271723
0.727934, 0.271409, 0.271409
0.728251, 0.271095, 0.271095
0.728567, 0.270781, 0.270781
0.728883, 0.270466, 0.270466
0.729200, 0.270152, 0.270152
0.729516, 0.269838, 0.269838
0.729832, 0.269524, 0.269524
0.730149, 0.269210, 0.269210
0.730465, 0.268895, 0.268895
0.730781, 0.268581, 0.268581
0.731098, 0.268267, 0.268267
0.731414, 0.267953, 0.267953
0.731730, 0.267639, 0.267639
0.732047, 0.267324, 0.267324
0.732363, 0.267010, 0.267010
0.732680, 0.266696, 0.266696
0.732996, 0.266382, 0.266382
0.733312, 0.266067, 0.266067
0.733629, 0.265753, 0.265753
0.733945, 0.265439, 0.265439
0.734261, 0.265124, 0.265124
0.734578, 0.264810, 0.264810
0.734894, 0.264496, 0.264496
0.735210, 0.264182, 0.264182
0.735527, 0.263867, 0.263867
0.735843, 0.263553, 0.263553
0.736159, 0.263239, 0.263239
0.736476, 0.262924, 0.262924
0.736792, 0.262610, 0.262610
0.737109, 0.262296, 0.262296
0.737425, 0.261981, 0.261981
0.737741, 0.261667, 0.261667
0.738058, 0.261352, 0.261352
0.738374, 0.261038, 0.261038
0.738690, 0.260724, 0.260724
0.739007, 0.260409, 0.260409
0.739323, 0.260095, 0.260095
0.739639, 0.259781, 0.259781
0.739956, 0.259466, 0.259466
0.740272, 0.259152, 0.259152
0.740588, 0.258837, 0.258837
0.740905, 0.258523, 0.258523
0.741221, 0.258208, 0.258208
0.741537, 0.257894, 0.257894
0.741854, 0.257580, 0.257580
0.742170, 0.257265, 0.257265
0.742487, 0.256951, 0.256951
0.742803, 0.256636, 0.256636
0.743119, 0.256322, 0.256322
0.743436, 0.256007, 0.256007
0.743752, 0.255693, 0.255693
0.744068, 0.255378, 0.255378
0.744385, 0.255064, 0.255064
0.744701, 0.254749, 0.254749
0.745017, 0.254435, 0.254435
0.745334, 0.254120, 0.254120
0.745650, 0.253806, 0.253806
0.745966, 0.253491, 0.253491
0.746283, 0.253177, 0.253177
0.746599, 0.252862, 0.252862
0.746916, 0.252548, 0.252548
0.747232, 0.252233, 0.252233
0.747548, 0.251919, 0.251919
0.747865, 0.251604, 0.251604
0.748181, 0.251290, 0.251290
0.748497, 0.250975, 0.250975
0.748814, 0.250660, 0.250660
0.749130, 0.250346, 0.250346
0.749446, 0.250031, 0.250031
0.749763, 0.249717, 0.249717
0.750079, 0.249402, 0.249402
0.750395, 0.249088, 0.249088
0.750712, 0.248773, 0.248773
0.751028, 0.248458, 0.248458
0.751345, 0.248144, 0.248144
0.751661, 0.247829, 0.247829
0.751977, 0.247514, 0.247514
0.752294, 0.247200, 0.247200
0.752610, 0.246885, 0.246885
0.752926, 0.246571, 0.246571
0.753243, 0.246256, 0.246256
0.753559, 0.245941, 0.245941
0.753875, 0.245627, 0.245627
0.754192, 0.245312, 0.245312
0.754508, 0.244997, 0.244997
0.754824, 0.244683, 0.244683
0.755141, 0.244368, 0.244368
0.755457, 0.244053, 0.244053
0.755773, 0.243739, 0.243739
0.756090, 0.243424, 0.243424
0.756406, 0.243109, 0.243109
0.756723, 0.242794, 0.242794
0.757039, 0.242480, 0.242480
0.757355, 0.242165, 0.242165
0.757672, 0.241850, 0.241850
0.757988, 0.241536, 0.241536
0.758304, 0.241221, 0.241221
0.758621, 0.240906, 0.240906
0.758937, 0.240591, 0.240591
0.759253, 0.240277, 0.240277
0.759570, 0.239962, 0.239962
0.759886, 0.239647, 0.239647
0.760202, 0.239332, 0.239332
0.760519, 0.239018, 0.239018
0.760835, 0.238703, 0.238703
0.761152, 0.238388, 0.238388
0.761468, 0.238073, 0.238073
0.761784, 0.237759, 0.237759
0.762101, 0.237444, 0.237444
0.762417, 0.237129, 0.237129
0.762733, 0.236814, 0.236814
0.763050, 0.236499, 0.236499
0.763366, 0.236185, 0.236185
0.763682, 0.235870, 0.235870
0.763999, 0.235555, 0.235555
0.764315, 0.235240, 0.235240
0.764631, 0.234925, 0.234925
0.764948, 0.234610, 0.234610
0.765264, 0.234296, 0.234296
0.765581, 0.233981, 0.233981
0.765897, 0.233666, 0.233666
0.766213, 0.233351, 0.233351
0.766530, 0.233036, 0.233036
0.766846, 0.232721, 0.232721
0.767162, 0.232406, 0.232406
0.767479, 0.232092, 0.232092
0.767795, 0.231777, 0.231777
0.768111, 0.231462, 0.231462
0.768428, 0.231147, 0.231147
0.768744, 0.230832, 0.230832
0.769060, 0.230517, 0.230517
0.769377, 0.230202, 0.230202
0.769693, 0.229887, 0.229887
0.770009, 0.229572, 0.229572
0.770326, 0.229258, 0.229258
0.770642, 0.228943, 0.228943
0.770959, 0.228628, 0.228628
0.771275, 0.228313, 0.228313
0.771591, 0.227998, 0.227998
0.771908, 0.227683, 0.227683
0.772224, 0.227368, 0.227368
0.772540, 0.227053, 0.227053
0.772857, 0.226738, 0.226738
0.773173, 0.226423, 0.226423
0.773489, 0.226108, 0.226108
0.773806, 0.225793, 0.225793
0.774122, 0.225478, 0.225478
0.774438, 0.225163, 0.225163
0.774755, 0.224848, 0.224848
0.775071, 0.224533, 0.224533
0.775388, 0.224218, 0.224218
0.775704, 0.223903, 0.223903
0.776020, 0.223588, 0.223588
0.776337, 0.223273, 0.223273
0.776653, 0.222958, 0.222958
0.776969, 0.222643, 0.222643
0.777286, 0.222328, 0.222328
0.777602, 0.222013, 0.222013
0.777918, 0.221698, 0.221698
0.778235, 0.221383, 0.221383
0.778551, 0.221068, 0.221068
0.778867, 0.220753, 0.220753
0.779184, 0.220438, 0.220438
0.779500, 0.220123, 0.220123
0.779817, 0.219808, 0.219808
0.780133, 0.219493, 0.219493
0.780449, 0.219178, 0.219178
0.780766, 0.218863, 0.218863
0.781082, 0.218548, 0.218548
0.781398, 0.218233, 0.218233
0.781715, 0.217918, 0.217918
0.782031, 0.217603, 0.217603
0.782347, 0.217288, 0.217288
0.782664, 0.216973, 0.216973
0.782980, 0.216658, 0.216658
0.783296, 0.216343, 0.216343
0.783613, 0.216027, 0.216027
0.783929, 0.215712, 0.215712
0.784245, 0.215397, 0.215397
0.784562, 0.215082, 0.215082
0.784878, 0.214767, 0.214767
0.785195, 0.214452, 0.214452
0.785511, 0.214137, 0.214137
0.785827, 0.213822, 0.213822
0.786144, 0.213507, 0.213507
0.786460, 0.213191, 0.213191
0.786776, 0.212876, 0.212876
0.787093, 0.212561, 0.212561
0.787409, 0.212246, 0.212246
0.787725, 0.211931, 0.211931
0.788042, 0.211616, 0.211616
0.788358, 0.211301, 0.211301
0.788674, 0.210985, 0.210985
0.788991, 0.210670, 0.210670
0.789307, 0.210355, 0.210355
0.789624, 0.210040, 0.210040
0.789940, 0.209725, 0.209725
0.790256, 0.209410, 0.209410
0.790573, 0.209094, 0.209094
0.790889, 0.208779, 0.208779
0.791205, 0.208464, 0.208464
0.791522, 0.208149, 0.208149
0.791838, 0.207834, 0.207834
0.792154, 0.207519, 0.207519
0.792471, 0.207203, 0.207203
0.792787, 0.206888, 0.206888
0.793103, 0.206573, 0.206573
0.793420, 0.206258, 0.206258
0.793736, 0.205943, 0.205943
0.794053, 0.205627, 0.205627
0.794369, 0.205312, 0.205312
0.794685, 0.204997, 0.204997
0.795002, 0.204682, 0.204682
0.795318, 0.204366, 0.204366
0.795634, 0.204051, 0.204051
0.795951, 0.203736, 0.203736
0.796267, 0.203421, 0.203421
0.796583, 0.203106, 0.203106
0.796900, 0.202790, 0.202790
0.797216, 0.202475, 0.202475
0.797532, 0.202160, 0.202160
0.797849, 0.201845, 0.201845
0.798165, 0.201529, 0.201529
0.798481, 0.201214, 0.201214
0.798798, 0.200899, 0.200899
0.799114, 0.200583, 0.200583
0.799431, 0.200268, 0.200268
0.799747, 0.199953, 0.199953
0.800063, 0.199638, 0.199638
0.800380, 0.199322, 0.199322
0.800696, 0.199007, 0.199007
0.801012, 0.198692, 0.198692
0.801329, 0.198376, 0.198376
0.801645, 0.198061, 0.198061
0.801961, 0.197746, 0.197746
0.802278, 0.197431, 0.197431
0.802594, 0.197115, 0.197115
0.802910, 0.196800, 0.196800
0.803227, 0.196485, 0.196485
0.803543, 0.196169, 0.196169
0.803860, 0.195854, 0.195854
0.804176, 0.195539, 0.195539
0.804492, 0.195223, 0.195223
0.804809, 0.194908, 0.194908
0.805125, 0.194593, 0.194593
0.805441, 0.194277, 0.194277
0.805758, 0.193962, 0.193962
0.806074, 0.193647, 0.193647
0.806390, 0.193331, 0.193331
0.806707, 0.193016, 0.193016
0.807023, 0.192701, 0.192701
0.807339, 0.192385, 0.192385
0.807656, 0.192070, 0.192070
0.807972, 0.191755, 0.191755
0.808289, 0.191439, 0.191439
0.808605, 0.191124, 0.191124
0.808921, 0.190809, 0.190809
0.809238, 0.190493, 0.190493
0.809554, 0.190178, 0.190178
0.809870, 0.189862, 0.189862
0.810187, 0.189547, 0.189547
0.810503, 0.189232, 0.189232
0.810819, 0.188916, 0.188916
0.811136, 0.188601, 0.188601
0.811452, 0.188285, 0.188285
0.811768, 0.187970, 0.187970
0.812085, 0.187655, 0.187655
0.812401, 0.187339, 0.187339
0.812717, 0.187024, 0.187024
0.813034, 0.186708, 0.186708
0.813350, 0.186393, 0.186393
0.813667, 0.186078, 0.186078
0.813983, 0.185762, 0.185762
0.814299, 0.185447, 0.185447
0.814616, 0.185131, 0.185131
0.814932, 0.184816, 0.184816
0.815248, 0.184501, 0.184501
0.815565, 0.184185, 0.184185
0.815881, 0.183870, 0.183870
0.816197, 0.183554, 0.183554
0.816514, 0.183239, 0.183239
0.816830, 0.182923, 0.182923
0.817146, 0.182608, 0.182608
0.817463, 0.182292, 0.182292
0.817779, 0.181977, 0.181977
0.818096, 0.181662, 0.181662
0.818412, 0.181346, 0.181346
0.818728, 0.181031, 0.181031
0.819045, 0.180715, 0.180715
0.819361, 0.180400, 0.180400
0.819677, 0.180084, 0.180084
0.819994, 0.179769, 0.179769
0.820310, 0.179453, 0.179453
0.820626, 0.179138, 0.179138
0.820943, 0.178822, 0.178822
0.821259, 0.178507, 0.178507
0.821575, 0.178191, 0.178191
0.821892, 0.177876, 0.177876
0.822208, 0.177560, 0.177560
0.822525, 0.177245, 0.177245
0.822841, 0.176929, 0.176929
0.823157, 0.176614, 0.176614
0.823474, 0.176298, 0.176298
0.823790, 0.175983, 0.175983
0.824106, 0.175667, 0.175667
0.824423, 0.175352, 0.175352
0.824739, 0.175036, 0.175036
0.825055, 0.174721, 0.174721
0.825372, 0.174405, 0.174405
0.825688, 0.174090, 0.174090
0.826004, 0.173774, 0.173774
0.826321, 0.173459, 0.173459
0.826637, 0.173143, 0.173143
0.826953, 0.172828, 0.172828
0.827270, 0.172512, 0.172512
0.827586, 0.172197, 0.172197
0.827903, 0.171881, 0.171881
0.828219, 0.171566, 0.171566
0.828535, 0.171250, 0.171250
0.828852, 0.170934, 0.170934
0.829168, 0.170619, 0.170619
0.829484, 0.170303, 0.170303
0.829801, 0.169988, 0.169988
0.830117, 0.169672, 0.169672
0.830433, 0.169357, 0.169357
0.830750, 0.169041, 0.169041
0.831066, 0.168726, 0.168726
0.831382, 0.168410, 0.168410
0.831699, 0.168094, 0.168094
0.832015, 0.167779, 0.167779
0.832332, 0.167463, 0.167463
0.832648, 0.167148, 0.167148
0.832964, 0.166832, 0.166832
0.833281, 0.166517, 0.166517
0.833597, 0.166201, 0.166201
0.833913, 0.165885, 0.165885
0.834230, 0.165570, 0.165570
0.834546, 0.165254, 0.165254
0.834862, 0.164939, 0.164939
0.835179, 0.164623, 0.164623
0.835495, 0.164307, 0.164307
0.835811, 0.163992, 0.163992
0.836128, 0.163676, 0.163676
0.836444, 0.163361, 0.163361
0.836761, 0.163045, 0.163045
0.837077, 0.162729, 0.162729
0.837393, 0.162414, 0.162414
0.837710, 0.162098, 0.162098
0.838026, 0.161783, 0.161783
0.838342, 0.161467, 0.161467
0.838659, 0.161151, 0.161151
0.838975, 0.160836, 0.160836
0.839291, 0.160520, 0.160520
0.839608, 0.160205, 0.160205
0.839924, 0.159889, 0.159889
0.840240, 0.159573, 0.159573
0.840557, 0.159258, 0.159258
0.840873, 0.158942, 0.158942
0.841189, 0.158626, 0.158626
0.841506, 0.158311, 0.158311
0.841822, 0.157995, 0.157995
0.842139, 0.157679, 0.157679
0.842455, 0.157364, 0.157364
0.842771, 0.157048, 0.157048
0.843088, 0.156732, 0.156732
0.843404, 0.156417, 0.156417
0.843720, 0.156101, 0.156101
0.844037, 0.155786, 0.155786
0.844353, 0.155470, 0.155470
0.844669, 0.155154, 0.155154
0.844986, 0.154839, 0.154839
0.845302, 0.154523, 0.154523
0.845618, 0.154207, 0.154207
0.845935, 0.153892, 0.153892
0.846251, 0.153576, 0.153576
0.846568, 0.153260, 0.153260
0.846884, 0.152945, 0.152945
0.847200, 0.152629, 0.152629
0.847517, 0.152313, 0.152313
0.847833, 0.151997, 0.151997
0.848149, 0.151682, 0.151682
0.848466, 0.151366, 0.151366
0.848782, 0.151050, 0.151050
0.849098, 0.150735, 0.150735
0.849415, 0.150419, 0.150419
0.849731, 0.150103, 0.150103
0.850047, 0.149788, 0.149788
0.850364, 0.149472, 0.149472
0.850680, 0.149156, 0.149156
0.850997, 0.148841, 0.148841
0.851313, 0.148525, 0.148525
0.851629, 0.148209, 0.148209
0.851946, 0.147893, 0.147893
0.852262, 0.147578, 0.147578
0.852578, 0.147262, 0.147262
0.852895, 0.146946, 0.146946
0.853211, 0.146631, 0.146631
0.853527, 0.146315, 0.146315
0.853844, 0.145999, 0.145999
0.854160, 0.145683, 0.145683
0.854476, 0.145368, 0.145368
0.854793, 0.145052, 0.145052
0.855109, 0.144736, 0.144736
0.855425, 0.144420, 0.144420
0.855742, 0.144105, 0.144105
0.856058, 0.143789, 0.143789
0.856375, 0.143473, 0.143473
0.856691, 0.143158, 0.143158
0.857007, 0.142842, 0.142842
0.857324, 0.142526, 0.142526
0.857640, 0.142210, 0.142210
0.857956, 0.141895, 0.141895
0.858273, 0.141579, 0.141579
0.858589, 0.141263, 0.141263
0.858905, 0.140947, 0.140947
0.859222, 0.140632, 0.140632
0.859538, 0.140316, 0.140316
0.859854, 0.140000, 0.140000
0.860171, 0.139684, 0.139684
0.860487, 0.139369, 0.139369
0.860804, 0.139053, 0.139053
0.861120, 0.138737, 0.138737
0.861436, 0.138421, 0.138421
0.861753, 0.138105, 0.138105
0.862069, 0.137790, 0.137790
0.862385, 0.137474, 0.137474
0.862702, 0.137158, 0.137158
0.863018, 0.136842, 0.136842
0.863334, 0.136527, 0.136527
0.863651, 0.136211, 0.136211
0.863967, 0.135895, 0.135895
0.864283, 0.135579, 0.135579
0.864600, 0.135264, 0.135264
0.864916, 0.134948, 0.134948
0.865233, 0.134632, 0.134632
0.865549, 0.134316, 0.134316
0.865865, 0.134000, 0.134000
0.866182, 0.133685, 0.133685
0.866498, 0.133369, 0.133369
0.866814, 0.133053, 0.133053
0.867131, 0.132737, 0.132737
0.867447, 0.132421, 0.132421
0.867763, 0.132106, 0.132106
0.868080, 0.131790, 0.131790
0.868396, 0.131474, 0.131474
0.868712, 0.131158, 0.131158
0.869029, 0.130842, 0.130842
0.869345, 0.130527, 0.130527
0.869661, 0.130211, 0.130211
0.869978, 0.129895, 0.129895
0.870294, 0.129579, 0.129579
0.870611, 0.129263, 0.129263
0.870927, 0.128947, 0.128947
0.871243, 0.128632, 0.128632
0.871560, 0.128316, 0.128316
0.871876, 0.128000, 0.128000
0.872192, 0.127684, 0.127684
0.872509, 0.127368, 0.127368
0.872825, 0.127053, 0.127053
0.873141, 0.126737, 0.126737
0.873458, 0.126421, 0.126421
0.873774, 0.126105, 0.126105
0.874090, 0.125789, 0.125789
0.874407, 0.125473, 0.125473
0.874723, 0.125158, 0.125158
0.875040, 0.124842, 0.124842
0.875356, 0.124526, 0.124526
0.875672, 0.124210, 0.124210
0.875989, 0.123894, 0.123894
0.876305, 0.123578, 0.123578
0.876621, 0.123262, 0.123262
0.876938, 0.122947, 0.122947
0.877254, 0.122631, 0.122631
0.877570, 0.122315, 0.122315
0.877887, 0.121999, 0.121999
0.878203, 0.121683, 0.121683
0.878519, 0.121367, 0.121367
0.878836, 0.121051, 0.121051
0.879152, 0.120736, 0.120736
0.879469, 0.120420, 0.120420
0.879785, 0.120104, 0.120104
0.880101, 0.119788, 0.119788
0.880418, 0.119472, 0.119472
0.880734, 0.119156, 0.119156
0.881050, 0.118840, 0.118840
0.881367, 0.118525, 0.118525
0.881683, 0.118209, 0.118209
0.881999, 0.117893, 0.117893
0.882316, 0.117577, 0.117577
0.882632, 0.117261, 0.117261
0.882948, 0.116945, 0.116945
0.883265, 0.116629, 0.116629
0.883581, 0.116313, 0.116313
0.883898, 0.115998, 0.115998
0.884214, 0.115682, 0.115682
0.884530, 0.115366, 0.115366
0.884847, 0.115050, 0.115050
0.885163, 0.114734, 0.114734
0.885479, 0.114418, 0.114418
0.885796, 0.114102, 0.114102
0.886112, 0.113786, 0.113786
0.886428, 0.113470, 0.113470
0.886745, 0.113155, 0.113155
0.887061, 0.112839, 0.112839
0.887377, 0.112523, 0.112523
0.887694, 0.112207, 0.112207
0.888010, 0.111891, 0.111891
0.888326, 0.111575, 0.111575
0.888643, 0.111259, 0.111259
0.888959, 0.110943, 0.110943
0.889276, 0.110627, 0.110627
0.889592, 0.110311, 0.110311
0.889908, 0.109996, 0.109996
0.890225, 0.109680, 0.109680
0.890541, 0.109364, 0.109364
0.890857, 0.109048, 0.109048
0.891174, 0.108732, 0.108732
0.891490, 0.108416, 0.108416
0.891806, 0.108100, 0.108100
0.892123, 0.107784, 0.107784
0.892439, 0.107468, 0.107468
0.892755, 0.107152, 0.107152
0.893072, 0.106836, 0.106836
0.893388, 0.106520, 0.106520
0.893705, 0.106205, 0.106205
0.894021, 0.105889, 0.105889
0.894337, 0.105573, 0.105573
0.894654, 0.105257, 0.105257
0.894970, 0.104941, 0.104941
0.895286, 0.104625, 0.104625
0.895603, 0.104309, 0.104309
0.895919, 0.103993, 0.103993
0.896235, 0.103677, 0.103677
0.896552, 0.103361, 0.103361
0.896868, 0.103045, 0.103045
0.897184, 0.102729, 0.102729
0.897501, 0.102413, 0.102413
0.897817, 0.102097, 0.102097
0.898134, 0.101781, 0.101781
0.898450, 0.101466, 0.101466
0.898766, 0.101150, 0.101150
0.899083, 0.100834, 0.100834
0.899399, 0.100518, 0.100518
0.899715, 0.100202, 0.100202
0.900032, 0.099886, 0.099886
0.900348, 0.099570, 0.099570
0.900664, 0.099254, 0.099254
0.900981, 0.098938, 0.098938
0.901297, 0.098622, 0.098622
0.901613, 0.098306, 0.098306
0.901930, 0.097990, 0.097990
0.902246, 0.097674, 0.097674
0.902562, 0.097358, 0.097358
0.902879, 0.097042, 0.097042
0.903195, 0.096726, 0.096726
0.903512, 0.096410, 0.096410
0.903828, 0.096094, 0.096094
0.904144, 0.095778, 0.095778
0.904461, 0.095462, 0.095462
0.904777, 0.095146, 0.095146
0.905093, 0.094830, 0.094830
0.905410, 0.094514, 0.094514
0.905726, 0.094198, 0.094198
0.906042, 0.093882, 0.093882
0.906359, 0.093567, 0.093567
0.906675, 0.093251, 0.093251
0.906991, 0.092935, 0.092935
0.907308, 0.092619, 0.092619
0.907624, 0.092303, 0.092303
0.907941, 0.091987, 0.091987
0.908257, 0.091671, 0.091671
0.908573, 0.091355, 0.091355
0.908890, 0.091039, 0.091039
0.909206, 0.090723, 0.090723
0.909522, 0.090407, 0.090407
0.909839, 0.090091, 0.090091
0.910155, 0.089775, 0.089775
0.910471, 0.089459, 0.089459
0.910788, 0.089143, 0.089143
0.911104, 0.088827, 0.088827
0.911420, 0.088511, 0.088511
0.911737, 0.088195, 0.088195
0.912053, 0.087879, 0.087879
0.912370, 0.087563, 0.087563
0.912686, 0.087247, 0.087247
0.913002, 0.086931, 0.086931
0.913319, 0.086615, 0.086615
0.913635, 0.086299, 0.086299
0.913951, 0.085983, 0.085983
0.914268, 0.085667, 0.085667
0.914584, 0.085351, 0.085351
0.914900, 0.085035, 0.085035
0.915217, 0.084719, 0.084719
0.915533, 0.084403, 0.084403
0.915849, 0.084087, 0.084087
0.916166, 0.083771, 0.083771
0.916482, 0.083455, 0.083455
0.916798, 0.083139, 0.083139
0.917115, 0.082823, 0.082823
0.917431, 0.082507, 0.082507
0.917748, 0.082191, 0.082191
0.918064, 0.081875, 0.081875
0.918380, 0.081559, 0.081559
0.918697, 0.081243, 0.081243
0.919013, 0.080927, 0.080927
0.919329, 0.080611, 0.080611
0.919646, 0.080295, 0.080295
0.919962, 0.079979, 0.079979
0.920278, 0.079663, 0.079663
0.920595, 0.079347, 0.079347
0.920911, 0.079031, 0.079031
0.921227, 0.078714, 0.078714
0.921544, 0.078398, 0.078398
0.921860, 0.078082, 0.078082
0.922177, 0.077766, 0.077766
0.922493, 0.077450, 0.077450
0.922809, 0.077134, 0.077134
0.923126, 0.076818, 0.076818
0.923442, 0.076502, 0.076502
0.923758, 0.076186, 0.076186
0.924075, 0.075870, 0.075870
0.924391, 0.075554, 0.075554
0.924707, 0.075238, 0.075238
0.925024, 0.074922, 0.074922
0.925340, 0.074606, 0.074606
0.925656, 0.074290, 0.074290
0.925973, 0.073974, 0.073974
0.926289, 0.073658, 0.073658
0.926606, 0.073342, 0.073342
0.926922, 0.073026, 0.073026
0.927238, 0.072710, 0.072710
0.927555, 0.072394, 0.072394
0.927871, 0.072078, 0.072078
0.928187, 0.071762, 0.071762
0.928504, 0.071446, 0.071446
0.928820, 0.071130, 0.071130
0.929136, 0.070814, 0.070814
0.929453, 0.070498, 0.070498
0.929769, 0.070181, 0.070181
0.930085, 0.069865, 0.069865
0.930402, 0.069549, 0.069549
0.930718, 0.069233, 0.069233
0.931034, 0.068917, 0.068917
0.931351, 0.068601, 0.068601
0.931667, 0.068285, 0.068285
0.931984, 0.067969, 0.067969
0.932300, 0.067653, 0.067653
0.932616, 0.067337, 0.067337
0.932933, 0.067021, 0.067021
0.933249, 0.066705, 0.066705
0.933565, 0.066389, 0.066389
0.933882, 0.066073, 0.066073
0.934198, 0.065757, 0.065757
0.934514, 0.065441, 0.065441
0.934831, 0.065125, 0.065125
0.935147, 0.064808, 0.064808
0.935463, 0.064492, 0.064492
0.935780, 0.064176, 0.064176
0.936096, 0.063860, 0.063860
0.936413, 0.063544, 0.063544
0.936729, 0.063228, 0.063228
0.937045, 0.062912, 0.062912
0.937362, 0.062596, 0.062596
0.937678, 0.062280, 0.062280
0.937994, 0.061964, 0.061964
0.938311, 0.061648, 0.061648
0.938627, 0.061332, 0.061332
0.938943, 0.061016, 0.061016
0.939260, 0.060700, 0.060700
0.939576, 0.060383, 0.060383
0.939892, 0.060067, 0.060067
0.940209, 0.059751, 0.059751
0.940525, 0.059435, 0.059435
0.940842, 0.059119, 0.059119
0.941158, 0.058803, 0.058803
0.941474, 0.058487, 0.058487
0.941791, 0.058171, 0.058171
0.942107, 0.057855, 0.057855
0.942423, 0.057539, 0.057539
0.942740, 0.057223, 0.057223
0.943056, 0.056907, 0.056907
0.943372, 0.056590, 0.056590
0.943689, 0.056274, 0.056274
0.944005, 0.055958, 0.055958
0.944321, 0.055642, 0.055642
0.944638, 0.055326, 0.055326
0.944954, 0.055010, 0.055010
0.945270, 0.054694, 0.054694
0.945587, 0.054378, 0.054378
0.945903, 0.054062, 0.054062
0.946220, 0.053746, 0.053746
0.946536, 0.053430, 0.053430
0.946852, 0.053113, 0.053113
0.947169, 0.052797, 0.052797
0.947485, 0.052481, 0.052481
0.947801, 0.052165, 0.052165
0.948118, 0.051849, 0.051849
0.948434, 0.051533, 0.051533
0.948750, 0.051217, 0.051217
0.949067, 0.050901, 0.050901
0.949383, 0.050585, 0.050585
0.949699, 0.050269, 0.050269
0.950016, 0.049952, 0.049952
0.950332, 0.049636, 0.049636
0.950649, 0.049320, 0.049320
0.950965, 0.049004, 0.049004
0.951281, 0.048688, 0.048688
0.951598, 0.048372, 0.048372
0.951914, 0.048056, 0.048056
0.952230, 0.047740, 0.047740
0.952547, 0.047424, 0.047424
0.952863, 0.047107, 0.047107
0.953179, 0.046791, 0.046791
0.953496, 0.046475, 0.046475
0.953812, 0.046159, 0.046159
0.954128, 0.045843, 0.045843
0.954445, 0.045527, 0.045527
0.954761, 0.045211, 0.045211
0.955078, 0.044895, 0.044895
0.955394, 0.044579, 0.044579
0.955710, 0.044262, 0.044262
0.956027, 0.043946, 0.043946
0.956343, 0.043630, 0.043630
0.956659, 0.043314, 0.043314
0.956976, 0.042998, 0.042998
0.957292, 0.042682, 0.042682
0.957608, 0.042366, 0.042366
0.957925, 0.042050, 0.042050
0.958241, 0.041733, 0.041733
0.958557, 0.041417, 0.041417
0.958874, 0.041101, 0.041101
0.959190, 0.040785, 0.040785
0.959506, 0.040469, 0.040469
0.959823, 0.040153, 0.040153
0.960139, 0.039837, 0.039837
0.960456, 0.039521, 0.039521
0.960772, 0.039204, 0.039204
0.961088, 0.038888, 0.038888
0.961405, 0.038572, 0.038572
0.961721, 0.038256, 0.038256
0.962037, 0.037940, 0.037940
0.962354, 0.037624, 0.037624
0.962670, 0.037308, 0.037308
0.962986, 0.036992, 0.036992
0.963303, 0.036675, 0.036675
0.963619, 0.036359, 0.036359
0.963935, 0.036043, 0.036043
0.964252, 0.035727, 0.035727
0.964568, 0.035411, 0.035411
0.964885, 0.035095, 0.035095
0.965201, 0.034779, 0.034779
0.965517, 0.034462, 0.034462
0.965834, 0.034146, 0.034146
0.966150, 0.033830, 0.033830
0.966466, 0.033514, 0.033514
0.966783, 0.033198, 0.033198
0.967099, 0.032882, 0.032882
0.967415, 0.032566, 0.032566
0.967732, 0.032249, 0.032249
0.968048, 0.031933, 0.031933
0.968364, 0.031617, 0.031617
0.968681, 0.031301, 0.031301
0.968997, 0.030985, 0.030985
0.969314, 0.030669, 0.030669
0.969630, 0.030353, 0.030353
0.969946, 0.030036, 0.030036
0.970263, 0.029720, 0.029720
0.970579, 0.029404, 0.029404
0.970895, 0.029088, 0.029088
0.971212, 0.028772, 0.028772
0.971528, 0.028456, 0.028456
0.971844, 0.028140, 0.028140
0.972161, 0.027823, 0.027823
0.972477, 0.027507, 0.027507
0.972793, 0.027191, 0.027191
0.973110, 0.026875, 0.026875
0.973426, 0.026559, 0.026559
0.973742, 0.026243, 0.026243
0.974059, 0.025927, 0.025927
0.974375, 0.025610, 0.025610
0.974692, 0.025294, 0.025294
0.975008, 0.024978, 0.024978
0.975324, 0.024662, 0.024662
0.975641, 0.024346, 0.024346
0.975957, 0.024030, 0.024030
0.976273, 0.023713, 0.023713
0.976590, 0.023397, 0.023397
0.976906, 0.023081, 0.023081
0.977222, 0.022765, 0.022765
0.977539, 0.022449, 0.022449
0.977855, 0.022133, 0.022133
0.978171, 0.021816, 0.021816
0.978488, 0.021500, 0.021500
0.978804, 0.021184, 0.021184
0.979121, 0.020868, 0.020868
0.979437, 0.020552, 0.020552
0.979753, 0.020236, 0.020236
0.980070, 0.019919, 0.019919
0.980386, 0.019603, 0.019603
0.980702, 0.019287, 0.019287
0.981019, 0.018971, 0.018971
0.981335, 0.018655, 0.018655
0.981651, 0.018339, 0.018339
0.981968, 0.018022, 0.018022
0.982284, 0.017706, 0.017706
0.982600, 0.017390, 0.017390
0.982917, 0.017074, 0.017074
0.983233, 0.016758, 0.016758
0.983550, 0.016442, 0.016442
0.983866, 0.016125, 0.016125
0.984182, 0.015809, 0.015809
0.984499, 0.015493, 0.015493
0.984815, 0.015177, 0.015177
0.985131, 0.014861, 0.014861
0.985448, 0.014545, 0.014545
0.985764, 0.014228, 0.014228
0.986080, 0.013912, 0.013912
0.986397, 0.013596, 0.013596
0.986713, 0.013280, 0.013280
0.987029, 0.012964, 0.012964
0.987346, 0.012648, 0.012648
0.987662, 0.012331, 0.012331
0.987978, 0.012015, 0.012015
0.988295, 0.011699, 0.011699
0.988611, 0.011383, 0.011383
0.988928, 0.011067, 0.011067
0.989244, 0.010750, 0.010750
0.989560, 0.010434, 0.010434
0.989877, 0.010118, 0.010118
0.990193, 0.009802, 0.009802
0.990509, 0.009486, 0.009486
0.990826, 0.009170, 0.009170
0.991142, 0.008853, 0.008853
0.991458, 0.008537, 0.008537
0.991775, 0.008221, 0.008221
0.992091, 0.007905, 0.007905
0.992407, 0.007589, 0.007589
0.992724, 0.007272, 0.007272
0.993040, 0.006956, 0.006956
0.993357, 0.006640, 0.006640
0.993673, 0.006324, 0.006324
0.993989, 0.006008, 0.006008
0.994306, 0.005691, 0.005691
0.994622, 0.005375, 0.005375
0.994938, 0.005059, 0.005059
0.995255, 0.004743, 0.004743
0.995571, 0.004427, 0.004427
0.995887, 0.004111, 0.004111
0.996204, 0.003794, 0.003794
0.996520, 0.003478, 0.003478
0.996836, 0.003162, 0.003162
0.997153, 0.002846, 0.002846
0.997469, 0.002530, 0.002530
0.997786, 0.002213, 0.002213
0.998102, 0.001897, 0.001897
0.998418, 0.001581, 0.001581
0.998735, 0.001265, 0.001265
0.999051, 0.000949, 0.000949
0.999367, 0.000632, 0.000632
0.999684, 0.000316, 0.000316
1.000000, 0.000000, 0.000000
