x, f, u_gen, u_spec, u_LU
0.0000000000e+00, -1.0000000000e+02, 0.0000000000e+00, -0.0000000000e+00, 0.0000000000e+00
1.0010010010e-03, -1.4900399234e+02, 1.7928317387e-02, 4.3608076706e-04, 7.4353215386e-05
2.0020020020e-03, -2.7185589605e+02, 2.6743769650e-02, -7.2345510335e-04, 1.8087533249e-04
3.0030030030e-03, -4.2629432810e+02, 3.5461399751e-02, 1.3564956538e-03, 3.1908226246e-04
4.0040040040e-03, -6.1184149431e+02, 4.4082182004e-02, -1.3832178551e-03, 4.8849571552e-04
5.0050050050e-03, -8.2802533397e+02, 5.2607081023e-02, 2.3396419632e-03, 6.8864313673e-04
6.0060060060e-03, -1.0743794562e+03, 6.1037051812e-02, -1.9811985918e-03, 9.1905764243e-04
7.0070070070e-03, -1.3504430772e+03, 6.9373039862e-02, 3.3836322733e-03, 1.1792779574e-03
8.0080080080e-03, -1.6557609578e+03, 7.7615981251e-02, -2.5192620753e-03, 1.4688483525e-03
9.0090090090e-03, -1.9898833420e+03, 8.5766802728e-02, 4.4866242313e-03, 1.7873185833e-03
1.0010010010e-02, -2.3523658963e+03, 9.3826421816e-02, -2.9992284977e-03, 2.1342438293e-03
1.1011011011e-02, -2.7427696489e+03, 1.0179574690e-01, 5.6468195597e-03, 2.5091846331e-03
1.2012012012e-02, -3.1606609309e+03, 1.0967567731e-01, -3.4228744654e-03, 2.9117068416e-03
1.3013013013e-02, -3.6056113164e+03, 1.1746710343e-01, 6.8624630825e-03, 3.3413815464e-03
1.4014014014e-02, -4.0771975649e+03, 1.2517090676e-01, -3.7919339619e-03, 3.7977850261e-03
1.5015015015e-02, -4.5750015633e+03, 1.3278796004e-01, 8.1318417728e-03, 4.2804986877e-03
1.6016016016e-02, -5.0986102689e+03, 1.4031912730e-01, -4.1080992908e-03, 4.7891090106e-03
1.7017017017e-02, -5.6476156526e+03, 1.4776526397e-01, 9.4532838202e-03, 5.3232074893e-03
1.8018018018e-02, -6.2216146436e+03, 1.5512721697e-01, -4.3730219975e-03, 5.8823905778e-03
1.9019019019e-02, -6.8202090736e+03, 1.6240582478e-01, 1.0825157718e-02, 6.4662596344e-03
2.0020020020e-02, -7.4430056223e+03, 1.6960191750e-01, -4.5883137726e-03, 7.0744208670e-03
2.1021021021e-02, -8.0896157634e+03, 1.7671631701e-01, 1.2245871372e-02, 7.7064852789e-03
2.2022022022e-02, -8.7596557110e+03, 1.8374983698e-01, -4.7555473351e-03, 8.3620686155e-03
2.3023023023e-02, -9.4527463665e+03, 1.9070328296e-01, 1.3713871221e-02, 9.0407913111e-03
2.4024024024e-02, -1.0168513267e+04, 1.9757745250e-01, -4.8762572973e-03, 9.7422784367e-03
2.5025025025e-02, -1.0906586531e+04, 2.0437313521e-01, 1.5227641390e-02, 1.0466159648e-02
2.6026026026e-02, -1.1666600812e+04, 2.1109111281e-01, -4.9519410112e-03, 1.1212069135e-02
2.7027027027e-02, -1.2448195241e+04, 2.1773215926e-01, 1.6785702844e-02, 1.1979645569e-02
2.8028028028e-02, -1.3251013385e+04, 2.2429704080e-01, -4.9840593961e-03, 1.2768532056e-02
2.9029029029e-02, -1.4074703187e+04, 2.3078651603e-01, 1.8386612575e-02, 1.3578376084e-02
3.0030030030e-02, -1.4918916927e+04, 2.3720133600e-01, -4.9740377500e-03, 1.4408829475e-02
3.1031031031e-02, -1.5783311166e+04, 2.4354224429e-01, 2.0028962799e-02, 1.5259548336e-02
3.2032032032e-02, -1.6667546702e+04, 2.4980997707e-01, -4.9232665423e-03, 1.6130193013e-02
3.3033033033e-02, -1.7571288521e+04, 2.5600526317e-01, 2.1711380166e-02, 1.7020428040e-02
3.4034034034e-02, -1.8494205749e+04, 2.6212882416e-01, -4.8331021901e-03, 1.7929922097e-02
3.5035035035e-02, -1.9435971610e+04, 2.6818137443e-01, 2.3432525001e-02, 1.8858347955e-02
3.6036036036e-02, -2.0396263373e+04, 2.7416362125e-01, -4.7048678184e-03, 1.9805382441e-02
3.7037037037e-02, -2.1374762313e+04, 2.8007626485e-01, 2.5191090545e-02, 2.0770706384e-02
3.8038038038e-02, -2.2371153661e+04, 2.8591999849e-01, -4.5398540027e-03, 2.1754004573e-02
3.9039039039e-02, -2.3385126563e+04, 2.9169550851e-01, 2.6985802223e-02, 2.2754965713e-02
4.0040040040e-02, -2.4416374035e+04, 2.9740347442e-01, -4.3393194974e-03, 2.3773282379e-02
4.1041041041e-02, -2.5464592916e+04, 3.0304456898e-01, 2.8815416923e-02, 2.4808650975e-02
4.2042042042e-02, -2.6529483833e+04, 3.0861945821e-01, -4.1044919471e-03, 2.5860771688e-02
4.3043043043e-02, -2.7610751148e+04, 3.1412880154e-01, 3.0678722294e-02, 2.6929348450e-02
4.4044044044e-02, -2.8708102924e+04, 3.1957325181e-01, -3.8365685839e-03, 2.8014088890e-02
4.5045045045e-02, -2.9821250880e+04, 3.2495345535e-01, 3.2574536052e-02, 2.9114704294e-02
4.6046046046e-02, -3.0949910349e+04, 3.3027005206e-01, -3.5367169085e-03, 3.0230909568e-02
4.7047047047e-02, -3.2093800238e+04, 3.3552367549e-01, 3.4501705313e-02, 3.1362423191e-02
4.8048048048e-02, -3.3252642990e+04, 3.4071495284e-01, -3.2060753583e-03, 3.2508967180e-02
4.9049049049e-02, -3.4426164539e+04, 3.4584450508e-01, 3.6459105924e-02, 3.3670267044e-02
5.0050050050e-02, -3.5614094275e+04, 3.5091294702e-01, -2.8457539591e-03, 3.4846051752e-02
5.1051051051e-02, -3.6816165003e+04, 3.5592088729e-01, 3.8445641825e-02, 3.6036053686e-02
5.2052052052e-02, -3.8032112903e+04, 3.6086892852e-01, -2.4568349651e-03, 3.7240008610e-02
5.3053053053e-02, -3.9261677494e+04, 3.6575766729e-01, 4.0460244413e-02, 3.8457655623e-02
5.4054054054e-02, -4.0504601597e+04, 3.7058769427e-01, -2.0403734833e-03, 3.9688737132e-02
5.5055055055e-02, -4.1760631293e+04, 3.7535959422e-01, 4.2501871923e-02, 4.0932998803e-02
5.6056056056e-02, -4.3029515891e+04, 3.8007394611e-01, -1.5973980853e-03, 4.2190189534e-02
5.7057057057e-02, -4.4311007888e+04, 3.8473132310e-01, 4.4569508827e-02, 4.3460061410e-02
5.8058058058e-02, -4.5604862935e+04, 3.8933229268e-01, -1.1289114061e-03, 4.4742369674e-02
5.9059059059e-02, -4.6910839799e+04, 3.9387741667e-01, 4.6662165237e-02, 4.6036872686e-02
6.0060060060e-02, -4.8228700329e+04, 3.9836725129e-01, -6.3589072949e-04, 4.7343331890e-02
6.1061061061e-02, -4.9558209421e+04, 4.0280234723e-01, 4.8778876330e-02, 4.8661511778e-02
6.2062062062e-02, -5.0899134983e+04, 4.0718324970e-01, -1.1928856141e-04, 4.9991179854e-02
6.3063063063e-02, -5.2251247899e+04, 4.1151049845e-01, 5.0918701777e-02, 5.1332106606e-02
6.4064064064e-02, -5.3614321999e+04, 4.1578462790e-01, 4.1996680959e-04, 5.2684065461e-02
6.5065065065e-02, -5.4988134021e+04, 4.2000616710e-01, 5.3080725193e-02, 5.4046832763e-02
6.6066066066e-02, -5.6372463581e+04, 4.2417563987e-01, 9.8097076356e-04, 5.5420187732e-02
6.7067067067e-02, -5.7767093138e+04, 4.2829356478e-01, 5.5264053589e-02, 5.6803912434e-02
6.8068068068e-02, -5.9171807963e+04, 4.3236045527e-01, 1.5628418124e-03, 5.8197791748e-02
6.9069069069e-02, -6.0586396106e+04, 4.3637681963e-01, 5.7467816846e-02, 5.9601613334e-02
7.0070070070e-02, -6.2010648365e+04, 4.4034316112e-01, 2.1647210744e-03, 6.1015167601e-02
7.1071071071e-02, -6.3444358254e+04, 4.4425997795e-01, 5.9691167192e-02, 6.2438247678e-02
7.2072072072e-02, -6.4887321971e+04, 4.4812776341e-01, 2.7857717607e-03, 6.3870649377e-02
7.3073073073e-02, -6.6339338368e+04, 4.5194700584e-01, 6.1933278694e-02, 6.5312171168e-02
7.4074074074e-02, -6.7800208923e+04, 4.5571818874e-01, 3.4251786723e-03, 6.6762614147e-02
7.5075075075e-02, -6.9269737705e+04, 4.5944179079e-01, 6.4193346765e-02, 6.8221782003e-02
7.6076076076e-02, -7.0747731349e+04, 4.6311828590e-01, 4.0821477078e-03, 6.9689480992e-02
7.7077077077e-02, -7.2233999022e+04, 4.6674814325e-01, 6.6470587669e-02, 7.1165519906e-02
7.8078078078e-02, -7.3728352397e+04, 4.7033182736e-01, 4.7559053826e-03, 7.2649710044e-02
7.9079079079e-02, -7.5230605625e+04, 4.7386979811e-01, 6.8764238054e-02, 7.4141865183e-02
8.0080080080e-02, -7.6740575304e+04, 4.7736251083e-01, 5.4456983578e-03, 7.5641801549e-02
8.1081081081e-02, -7.8258080449e+04, 4.8081041627e-01, 7.1073554481e-02, 7.7149337790e-02
8.2082082082e-02, -7.9782942472e+04, 4.8421396073e-01, 6.1507929794e-03, 7.8664294947e-02
8.3083083083e-02, -8.1314985145e+04, 4.8757358605e-01, 7.3397812967e-02, 8.0186496428e-02
8.4084084084e-02, -8.2854034578e+04, 4.9088972965e-01, 6.8704748277e-03, 8.1715767978e-02
8.5085085085e-02, -8.4399919192e+04, 4.9416282463e-01, 7.5736308545e-02, 8.3251937655e-02
8.6086086086e-02, -8.5952469690e+04, 4.9739329975e-01, 7.6040482760e-03, 8.4794835801e-02
8.7087087087e-02, -8.7511519032e+04, 5.0058157951e-01, 7.8088354822e-02, 8.6344295018e-02
8.8088088088e-02, -8.9076902410e+04, 5.0372808417e-01, 8.3508360599e-03, 8.7900150138e-02
8.9089089089e-02, -9.0648457220e+04, 5.0683322982e-01, 8.0453283556e-02, 8.9462238201e-02
9.0090090090e-02, -9.2226023037e+04, 5.0989742840e-01, 9.1101788546e-03, 9.1030398429e-02
9.1091091091e-02, -9.3809441590e+04, 5.1292108775e-01, 8.2830444236e-02, 9.2604472198e-02
9.2092092092e-02, -9.5398556738e+04, 5.1590461163e-01, 9.8814348623e-03, 9.4184303015e-02
9.3093093093e-02, -9.6993214445e+04, 5.1884839980e-01, 8.5219203676e-02, 9.5769736495e-02
9.4094094094e-02, -9.8593262752e+04, 5.2175284804e-01, 1.0663979408e-02, 9.7360620332e-02
9.5095095095e-02, -1.0019855176e+05, 5.2461834816e-01, 8.7618945615e-02, 9.8956804280e-02
9.6096096096e-02, -1.0180893360e+05, 5.2744528810e-01, 1.1457204545e-02, 1.0055814012e-01
9.7097097097e-02, -1.0342426240e+05, 5.3023405192e-01, 9.0029070323e-02, 1.0216448166e-01
9.8098098098e-02, -1.0504439430e+05, 5.3298501986e-01, 1.2260518669e-02, 1.0377568467e-01
9.9099099099e-02, -1.0666918738e+05, 5.3569856836e-01, 9.2448994224e-02, 1.0539160690e-01
1.0010010010e-01, -1.0829850166e+05, 5.3837507013e-01, 1.3073346136e-02, 1.0701210804e-01
1.0110110110e-01, -1.0993219908e+05, 5.4101489415e-01, 9.4878149519e-02, 1.0863704968e-01
1.0210210210e-01, -1.1157014347e+05, 5.4361840574e-01, 1.3895126898e-02, 1.1026629534e-01
1.0310310310e-01, -1.1321220055e+05, 5.4618596657e-01, 9.7315983818e-02, 1.1189971038e-01
1.0410410410e-01, -1.1485823786e+05, 5.4871793472e-01, 1.4725316138e-02, 1.1353716202e-01
1.0510510511e-01, -1.1650812480e+05, 5.5121466469e-01, 9.9761959787e-02, 1.1517851933e-01
1.0610610611e-01, -1.1816173254e+05, 5.5367650745e-01, 1.5563383917e-02, 1.1682365315e-01
1.0710710711e-01, -1.1981893407e+05, 5.5610381048e-01, 1.0221555480e-01, 1.1847243615e-01
1.0810810811e-01, -1.2147960413e+05, 5.5849691781e-01, 1.6408814826e-02, 1.2012474274e-01
1.0910910911e-01, -1.2314361919e+05, 5.6085617003e-01, 1.0467626058e-01, 1.2178044907e-01
1.1011011011e-01, -1.2481085747e+05, 5.6318190433e-01, 1.7261107651e-02, 1.2343943303e-01
1.1111111111e-01, -1.2648119888e+05, 5.6547445455e-01, 1.0714358288e-01, 1.2510157421e-01
1.1211211211e-01, -1.2815452501e+05, 5.6773415121e-01, 1.8119775038e-02, 1.2676675389e-01
1.1311311311e-01, -1.2983071912e+05, 5.6996132154e-01, 1.0961704117e-01, 1.2843485501e-01
1.1411411411e-01, -1.3150966610e+05, 5.7215628950e-01, 1.8984343171e-02, 1.3010576215e-01
1.1511511512e-01, -1.3319125248e+05, 5.7431937583e-01, 1.1209616827e-01, 1.3177936152e-01
1.1611611612e-01, -1.3487536639e+05, 5.7645089807e-01, 1.9854351456e-02, 1.3345554094e-01
1.1711711712e-01, -1.3656189755e+05, 5.7855117060e-01, 1.1458051009e-01, 1.3513418982e-01
1.1811811812e-01, -1.3825073723e+05, 5.8062050467e-01, 2.0729352206e-02, 1.3681519912e-01
1.1911911912e-01, -1.3994177828e+05, 5.8265920844e-01, 1.1706962528e-01, 1.3849846137e-01
1.2012012012e-01, -1.4163491504e+05, 5.8466758697e-01, 2.1608910347e-02, 1.4018387063e-01
1.2112112112e-01, -1.4333004340e+05, 5.8664594232e-01, 1.1956308495e-01, 1.4187132246e-01
1.2212212212e-01, -1.4502706072e+05, 5.8859457352e-01, 2.2492603112e-02, 1.4356071394e-01
1.2312312312e-01, -1.4672586585e+05, 5.9051377661e-01, 1.2206047239e-01, 1.4525194360e-01
1.2412412412e-01, -1.4842635909e+05, 5.9240384472e-01, 2.3380019756e-02, 1.4694491145e-01
1.2512512513e-01, -1.5012844219e+05, 5.9426506801e-01, 1.2456138276e-01, 1.4863951894e-01
1.2612612613e-01, -1.5183201832e+05, 5.9609773380e-01, 2.4270761273e-02, 1.5033566894e-01
1.2712712713e-01, -1.5353699205e+05, 5.9790212651e-01, 1.2706542281e-01, 1.5203326574e-01
1.2812812813e-01, -1.5524326936e+05, 5.9967852776e-01, 2.5164440116e-02, 1.5373221500e-01
1.2912912913e-01, -1.5695075758e+05, 6.0142721632e-01, 1.2957221063e-01, 1.5543242378e-01
1.3013013013e-01, -1.5865936542e+05, 6.0314846823e-01, 2.6060679926e-02, 1.5713380050e-01
1.3113113113e-01, -1.6036900292e+05, 6.0484255676e-01, 1.3208137534e-01, 1.5883625489e-01
1.3213213213e-01, -1.6207958145e+05, 6.0650975245e-01, 2.6959115268e-02, 1.6053969805e-01
1.3313313313e-01, -1.6379101368e+05, 6.0815032316e-01, 1.3459255689e-01, 1.6224404236e-01
1.3413413413e-01, -1.6550321359e+05, 6.0976453408e-01, 2.7859391373e-02, 1.6394920151e-01
1.3513513514e-01, -1.6721609642e+05, 6.1135264775e-01, 1.3710540573e-01, 1.6565509047e-01
1.3613613614e-01, -1.6892957869e+05, 6.1291492410e-01, 2.8761163879e-02, 1.6736162546e-01
1.3713713714e-01, -1.7064357816e+05, 6.1445162048e-01, 1.3961958262e-01, 1.6906872398e-01
1.3813813814e-01, -1.7235801382e+05, 6.1596299167e-01, 2.9664098589e-02, 1.7077630472e-01
1.3913913914e-01, -1.7407280588e+05, 6.1744928989e-01, 1.4213475835e-01, 1.7248428764e-01
1.4014014014e-01, -1.7578787576e+05, 6.1891076489e-01, 3.0567871222e-02, 1.7419259386e-01
1.4114114114e-01, -1.7750314607e+05, 6.2034766391e-01, 1.4465061351e-01, 1.7590114572e-01
1.4214214214e-01, -1.7921854057e+05, 6.2176023172e-01, 3.1472167184e-02, 1.7760986672e-01
1.4314314314e-01, -1.8093398421e+05, 6.2314871066e-01, 1.4716683826e-01, 1.7931868152e-01
1.4414414414e-01, -1.8264940307e+05, 6.2451334066e-01, 3.2376681327e-02, 1.8102751595e-01
1.4514514515e-01, -1.8436472437e+05, 6.2585435926e-01, 1.4968313209e-01, 1.8273629696e-01
1.4614614615e-01, -1.8607987645e+05, 6.2717200162e-01, 3.3281117727e-02, 1.8444495260e-01
1.4714714715e-01, -1.8779478874e+05, 6.2846650059e-01, 1.5219920360e-01, 1.8615341206e-01
1.4814814815e-01, -1.8950939179e+05, 6.2973808666e-01, 3.4185189463e-02, 1.8786160560e-01
1.4914914915e-01, -1.9122361719e+05, 6.3098698806e-01, 1.5471477030e-01, 1.8956946457e-01
1.5015015015e-01, -1.9293739763e+05, 6.3221343072e-01, 3.5088618398e-02, 1.9127692140e-01
1.5115115115e-01, -1.9465066683e+05, 6.3341763833e-01, 1.5722955835e-01, 1.9298390953e-01
1.5215215215e-01, -1.9636335957e+05, 6.3459983236e-01, 3.5991134965e-02, 1.9469036350e-01
1.5315315315e-01, -1.9807541163e+05, 6.3576023207e-01, 1.5974330240e-01, 1.9639621882e-01
1.5415415415e-01, -1.9978675983e+05, 6.3689905452e-01, 3.6892477965e-02, 1.9810141207e-01
1.5515515516e-01, -2.0149734198e+05, 6.3801651463e-01, 1.6225574536e-01, 1.9980588078e-01
1.5615615616e-01, -2.0320709687e+05, 6.3911282517e-01, 3.7792394358e-02, 2.0150956352e-01
1.5715715716e-01, -2.0491596429e+05, 6.4018819679e-01, 1.6476663819e-01, 2.0321239980e-01
1.5815815816e-01, -2.0662388499e+05, 6.4124283804e-01, 3.8690639069e-02, 2.0491433012e-01
1.5915915916e-01, -2.0833080064e+05, 6.4227695540e-01, 1.6727573973e-01, 2.0661529593e-01
1.6016016016e-01, -2.1003665391e+05, 6.4329075329e-01, 3.9586974795e-02, 2.0831523962e-01
1.6116116116e-01, -2.1174138835e+05, 6.4428443410e-01, 1.6978281648e-01, 2.1001410452e-01
1.6216216216e-01, -2.1344494845e+05, 6.4525819818e-01, 4.0481171810e-02, 2.1171183486e-01
1.6316316316e-01, -2.1514727961e+05, 6.4621224391e-01, 1.7228764245e-01, 2.1340837579e-01
1.6416416416e-01, -2.1684832812e+05, 6.4714676770e-01, 4.1373007783e-02, 2.1510367338e-01
1.6516516517e-01, -2.1854804116e+05, 6.4806196397e-01, 1.7478999892e-01, 2.1679767455e-01
1.6616616617e-01, -2.2024636678e+05, 6.4895802524e-01, 4.2262267600e-02, 2.1849032712e-01
1.6716716717e-01, -2.2194325389e+05, 6.4983514208e-01, 1.7728967433e-01, 2.2018157976e-01
1.6816816817e-01, -2.2363865227e+05, 6.5069350319e-01, 4.3148743181e-02, 2.2187138200e-01
1.6916916917e-01, -2.2533251252e+05, 6.5153329537e-01, 1.7978646405e-01, 2.2355968422e-01
1.7017017017e-01, -2.2702478608e+05, 6.5235470358e-01, 4.4032233309e-02, 2.2524643763e-01
1.7117117117e-01, -2.2871542522e+05, 6.5315791091e-01, 1.8228017023e-01, 2.2693159425e-01
1.7217217217e-01, -2.3040438301e+05, 6.5394309865e-01, 4.4912543463e-02, 2.2861510693e-01
1.7317317317e-01, -2.3209161332e+05, 6.5471044629e-01, 1.8477060163e-01, 2.3029692932e-01
1.7417417417e-01, -2.3377707083e+05, 6.5546013149e-01, 4.5789485651e-02, 2.3197701584e-01
1.7517517518e-01, -2.3546071097e+05, 6.5619233020e-01, 1.8725757347e-01, 2.3365532172e-01
1.7617617618e-01, -2.3714248997e+05, 6.5690721656e-01, 4.6662878245e-02, 2.3533180295e-01
1.7717717718e-01, -2.3882236481e+05, 6.5760496302e-01, 1.8974090723e-01, 2.3700641629e-01
1.7817817818e-01, -2.4050029321e+05, 6.5828574029e-01, 4.7532545829e-02, 2.3867911924e-01
1.7917917918e-01, -2.4217623366e+05, 6.5894971738e-01, 1.9222043056e-01, 2.4034987005e-01
1.8018018018e-01, -2.4385014536e+05, 6.5959706162e-01, 4.8398319039e-02, 2.4201862772e-01
1.8118118118e-01, -2.4552198825e+05, 6.6022793869e-01, 1.9469597706e-01, 2.4368535195e-01
1.8218218218e-01, -2.4719172296e+05, 6.6084251258e-01, 4.9260034416e-02, 2.4535000317e-01
1.8318318318e-01, -2.4885931086e+05, 6.6144094569e-01, 1.9716738616e-01, 2.4701254251e-01
1.8418418418e-01, -2.5052471400e+05, 6.6202339878e-01, 5.0117534254e-02, 2.4867293182e-01
1.8518518519e-01, -2.5218789510e+05, 6.6259003101e-01, 1.9963450298e-01, 2.5033113360e-01
1.8618618619e-01, -2.5384881759e+05, 6.6314099995e-01, 5.0970666461e-02, 2.5198711108e-01
1.8718718719e-01, -2.5550744556e+05, 6.6367646162e-01, 2.0209717819e-01, 2.5364082811e-01
1.8818818819e-01, -2.5716374376e+05, 6.6419657047e-01, 5.1819284413e-02, 2.5529224924e-01
1.8918918919e-01, -2.5881767759e+05, 6.6470147941e-01, 2.0455526783e-01, 2.5694133967e-01
1.9019019019e-01, -2.6046921311e+05, 6.6519133983e-01, 5.2663246818e-02, 2.5858806523e-01
1.9119119119e-01, -2.6211831699e+05, 6.6566630163e-01, 2.0700863325e-01, 2.6023239240e-01
1.9219219219e-01, -2.6376495656e+05, 6.6612651318e-01, 5.3502417583e-02, 2.6187428830e-01
1.9319319319e-01, -2.6540909975e+05, 6.6657212142e-01, 2.0945714088e-01, 2.6351372065e-01
1.9419419419e-01, -2.6705071511e+05, 6.6700327177e-01, 5.4336665677e-02, 2.6515065780e-01
1.9519519520e-01, -2.6868977180e+05, 6.6742010825e-01, 2.1190066218e-01, 2.6678506870e-01
1.9619619620e-01, -2.7032623958e+05, 6.6782277343e-01, 5.5165865011e-02, 2.6841692290e-01
1.9719719720e-01, -2.7196008878e+05, 6.6821140844e-01, 2.1433907349e-01, 2.7004619055e-01
1.9819819820e-01, -2.7359129033e+05, 6.6858615304e-01, 5.5989894302e-02, 2.7167284237e-01
1.9919919920e-01, -2.7521981573e+05, 6.6894714558e-01, 2.1677225588e-01, 2.7329684966e-01
2.0020020020e-01, -2.7684563705e+05, 6.6929452301e-01, 5.6808636957e-02, 2.7491818429e-01
2.0120120120e-01, -2.7846872692e+05, 6.6962842096e-01, 2.1920009507e-01, 2.7653681869e-01
2.0220220220e-01, -2.8008905850e+05, 6.6994897367e-01, 5.7621980953e-02, 2.7815272584e-01
2.0320320320e-01, -2.8170660554e+05, 6.7025631407e-01, 2.2162248125e-01, 2.7976587928e-01
2.0420420420e-01, -2.8332134229e+05, 6.7055057376e-01, 5.8429818713e-02, 2.8137625308e-01
2.0520520521e-01, -2.8493324355e+05, 6.7083188301e-01, 2.2403930905e-01, 2.8298382184e-01
2.0620620621e-01, -2.8654228464e+05, 6.7110037082e-01, 5.9232047000e-02, 2.8458856068e-01
2.0720720721e-01, -2.8814844139e+05, 6.7135616489e-01, 2.2645047734e-01, 2.8619044526e-01
2.0820820821e-01, -2.8975169015e+05, 6.7159939164e-01, 6.0028566798e-02, 2.8778945173e-01
2.0920920921e-01, -2.9135200777e+05, 6.7183017625e-01, 2.2885588919e-01, 2.8938555676e-01
2.1021021021e-01, -2.9294937161e+05, 6.7204864265e-01, 6.0819283205e-02, 2.9097873750e-01
2.1121121121e-01, -2.9454375949e+05, 6.7225491353e-01, 2.3125545170e-01, 2.9256897163e-01
2.1221221221e-01, -2.9613514976e+05, 6.7244911035e-01, 6.1604105328e-02, 2.9415623726e-01
2.1321321321e-01, -2.9772352121e+05, 6.7263135336e-01, 2.3364907595e-01, 2.9574051303e-01
2.1421421421e-01, -2.9930885311e+05, 6.7280176165e-01, 6.2382946174e-02, 2.9732177803e-01
2.1521521522e-01, -3.0089112520e+05, 6.7296045307e-01, 2.3603667686e-01, 2.9890001181e-01
2.1621621622e-01, -3.0247031769e+05, 6.7310754432e-01, 6.3155722552e-02, 3.0047519440e-01
2.1721721722e-01, -3.0404641123e+05, 6.7324315096e-01, 2.3841817311e-01, 3.0204730626e-01
2.1821821822e-01, -3.0561938692e+05, 6.7336738736e-01, 6.3922354970e-02, 3.0361632833e-01
2.1921921922e-01, -3.0718922629e+05, 6.7348036677e-01, 2.4079348700e-01, 3.0518224196e-01
2.2022022022e-01, -3.0875591133e+05, 6.7358220132e-01, 6.4682767540e-02, 3.0674502895e-01
2.2122122122e-01, -3.1031942444e+05, 6.7367300200e-01, 2.4316254442e-01, 3.0830467154e-01
2.2222222222e-01, -3.1187974845e+05, 6.7375287872e-01, 6.5436887881e-02, 3.0986115239e-01
2.2322322322e-01, -3.1343686661e+05, 6.7382194027e-01, 2.4552527471e-01, 3.1141445456e-01
2.2422422422e-01, -3.1499076258e+05, 6.7388029439e-01, 6.6184647026e-02, 3.1296456155e-01
2.2522522523e-01, -3.1654142043e+05, 6.7392804771e-01, 2.4788161057e-01, 3.1451145725e-01
2.2622622623e-01, -3.1808882463e+05, 6.7396530582e-01, 6.6925979333e-02, 3.1605512596e-01
2.2722722723e-01, -3.1963296003e+05, 6.7399217326e-01, 2.5023148799e-01, 3.1759555239e-01
2.2822822823e-01, -3.2117381191e+05, 6.7400875351e-01, 6.7660822392e-02, 3.1913272161e-01
2.2922922923e-01, -3.2271136590e+05, 6.7401514903e-01, 2.5257484614e-01, 3.2066661910e-01
2.3023023023e-01, -3.2424560801e+05, 6.7401146128e-01, 6.8389116943e-02, 3.2219723072e-01
2.3123123123e-01, -3.2577652466e+05, 6.7399779067e-01, 2.5491162731e-01, 3.2372454269e-01
2.3223223223e-01, -3.2730410260e+05, 6.7397423664e-01, 6.9110806789e-02, 3.2524854163e-01
2.3323323323e-01, -3.2882832896e+05, 6.7394089762e-01, 2.5724177680e-01, 3.2676921449e-01
2.3423423423e-01, -3.3034919123e+05, 6.7389787109e-01, 6.9825838712e-02, 3.2828654861e-01
2.3523523524e-01, -3.3186667727e+05, 6.7384525351e-01, 2.5956524285e-01, 3.2980053167e-01
2.3623623624e-01, -3.3338077526e+05, 6.7378314043e-01, 7.0534162395e-02, 3.3131115171e-01
2.3723723724e-01, -3.3489147375e+05, 6.7371162642e-01, 2.6188197656e-01, 3.3281839711e-01
2.3823823824e-01, -3.3639876162e+05, 6.7363080511e-01, 7.1235730340e-02, 3.3432225658e-01
2.3923923924e-01, -3.3790262808e+05, 6.7354076920e-01, 2.6419193182e-01, 3.3582271920e-01
2.4024024024e-01, -3.3940306268e+05, 6.7344161047e-01, 7.1930497793e-02, 3.3731977435e-01
2.4124124124e-01, -3.4090005530e+05, 6.7333341979e-01, 2.6649506521e-01, 3.3881341175e-01
2.4224224224e-01, -3.4239359614e+05, 6.7321628712e-01, 7.2618422668e-02, 3.4030362144e-01
2.4324324324e-01, -3.4388367569e+05, 6.7309030151e-01, 2.6879133596e-01, 3.4179039379e-01
2.4424424424e-01, -3.4537028480e+05, 6.7295555114e-01, 7.3299465472e-02, 3.4327371946e-01
2.4524524525e-01, -3.4685341460e+05, 6.7281212332e-01, 2.7108070585e-01, 3.4475358944e-01
2.4624624625e-01, -3.4833305652e+05, 6.7266010446e-01, 7.3973589238e-02, 3.4622999501e-01
2.4724724725e-01, -3.4980920231e+05, 6.7249958014e-01, 2.7336313913e-01, 3.4770292777e-01
2.4824824825e-01, -3.5128184400e+05, 6.7233063508e-01, 7.4640759446e-02, 3.4917237961e-01
2.4924924925e-01, -3.5275097391e+05, 6.7215335313e-01, 2.7563860250e-01, 3.5063834269e-01
2.5025025025e-01, -3.5421658466e+05, 6.7196781735e-01, 7.5300943965e-02, 3.5210080949e-01
2.5125125125e-01, -3.5567866915e+05, 6.7177410993e-01, 2.7790706498e-01, 3.5355977275e-01
2.5225225225e-01, -3.5713722055e+05, 6.7157231227e-01, 7.5954112979e-02, 3.5501522551e-01
2.5325325325e-01, -3.5859223231e+05, 6.7136250495e-01, 2.8016849790e-01, 3.5646716108e-01
2.5425425425e-01, -3.6004369816e+05, 6.7114476774e-01, 7.6600238921e-02, 3.5791557303e-01
2.5525525526e-01, -3.6149161209e+05, 6.7091917963e-01, 2.8242287479e-01, 3.5936045521e-01
2.5625625626e-01, -3.6293596835e+05, 6.7068581881e-01, 7.7239296416e-02, 3.6080180173e-01
2.5725725726e-01, -3.6437676145e+05, 6.7044476270e-01, 2.8467017135e-01, 3.6223960696e-01
2.5825825826e-01, -3.6581398616e+05, 6.7019608794e-01, 7.7871262212e-02, 3.6367386554e-01
2.5925925926e-01, -3.6724763751e+05, 6.6993987042e-01, 2.8691036536e-01, 3.6510457234e-01
2.6026026026e-01, -3.6867771076e+05, 6.6967618526e-01, 7.8496115122e-02, 3.6653172250e-01
2.6126126126e-01, -3.7010420143e+05, 6.6940510684e-01, 2.8914343664e-01, 3.6795531140e-01
2.6226226226e-01, -3.7152710529e+05, 6.6912670881e-01, 7.9113835964e-02, 3.6937533465e-01
2.6326326326e-01, -3.7294641831e+05, 6.6884106405e-01, 2.9136936700e-01, 3.7079178812e-01
2.6426426426e-01, -3.7436213674e+05, 6.6854824476e-01, 7.9724407506e-02, 3.7220466789e-01
2.6526526527e-01, -3.7577425703e+05, 6.6824832238e-01, 2.9358814016e-01, 3.7361397030e-01
2.6626626627e-01, -3.7718277587e+05, 6.6794136768e-01, 8.0327814403e-02, 3.7501969189e-01
2.6726726727e-01, -3.7858769017e+05, 6.6762745068e-01, 2.9579974169e-01, 3.7642182945e-01
2.6826826827e-01, -3.7998899706e+05, 6.6730664074e-01, 8.0924043148e-02, 3.7782037998e-01
2.6926926927e-01, -3.8138669390e+05, 6.6697900650e-01, 2.9800415899e-01, 3.7921534070e-01
2.7027027027e-01, -3.8278077826e+05, 6.6664461595e-01, 8.1513082016e-02, 3.8060670903e-01
2.7127127127e-01, -3.8417124789e+05, 6.6630353636e-01, 3.0020138119e-01, 3.8199448264e-01
2.7227227227e-01, -3.8555810080e+05, 6.6595583438e-01, 8.2094921009e-02, 3.8337865937e-01
2.7327327327e-01, -3.8694133516e+05, 6.6560157594e-01, 3.0239139916e-01, 3.8475923728e-01
2.7427427427e-01, -3.8832094938e+05, 6.6524082637e-01, 8.2669551808e-02, 3.8613621463e-01
2.7527527528e-01, -3.8969694203e+05, 6.6487365031e-01, 3.0457420539e-01, 3.8750958990e-01
2.7627627628e-01, -3.9106931190e+05, 6.6450011176e-01, 8.3236967724e-02, 3.8887936173e-01
2.7727727728e-01, -3.9243805797e+05, 6.6412027411e-01, 3.0674979398e-01, 3.9024552898e-01
2.7827827828e-01, -3.9380317941e+05, 6.6373420008e-01, 8.3797163642e-02, 3.9160809069e-01
2.7927927928e-01, -3.9516467557e+05, 6.6334195180e-01, 3.0891816060e-01, 3.9296704609e-01
2.8028028028e-01, -3.9652254598e+05, 6.6294359076e-01, 8.4350135982e-02, 3.9432239461e-01
2.8128128128e-01, -3.9787679037e+05, 6.6253917784e-01, 3.1107930240e-01, 3.9567413582e-01
2.8228228228e-01, -3.9922740864e+05, 6.6212877333e-01, 8.4895882646e-02, 3.9702226952e-01
2.8328328328e-01, -4.0057440085e+05, 6.6171243689e-01, 3.1323321803e-01, 3.9836679565e-01
2.8428428428e-01, -4.0191776725e+05, 6.6129022761e-01, 8.5434402977e-02, 3.9970771433e-01
2.8528528529e-01, -4.0325750825e+05, 6.6086220398e-01, 3.1537990752e-01, 4.0104502587e-01
2.8628628629e-01, -4.0459362445e+05, 6.6042842392e-01, 8.5965697712e-02, 4.0237873073e-01
2.8728728729e-01, -4.0592611658e+05, 6.5998894476e-01, 3.1751937229e-01, 4.0370882953e-01
2.8828828829e-01, -4.0725498556e+05, 6.5954382326e-01, 8.6489768938e-02, 4.0503532308e-01
2.8928928929e-01, -4.0858023245e+05, 6.5909311562e-01, 3.1965161509e-01, 4.0635821231e-01
2.9029029029e-01, -4.0990185848e+05, 6.5863687748e-01, 8.7006620053e-02, 4.0767749836e-01
2.9129129129e-01, -4.1121986504e+05, 6.5817516393e-01, 3.2177663995e-01, 4.0899318247e-01
2.9229229229e-01, -4.1253425365e+05, 6.5770802950e-01, 8.7516255722e-02, 4.1030526608e-01
2.9329329329e-01, -4.1384502600e+05, 6.5723552817e-01, 3.2389445217e-01, 4.1161375074e-01
2.9429429429e-01, -4.1515218391e+05, 6.5675771342e-01, 8.8018681839e-02, 4.1291863817e-01
2.9529529530e-01, -4.1645572936e+05, 6.5627463815e-01, 3.2600505823e-01, 4.1421993025e-01
2.9629629630e-01, -4.1775566447e+05, 6.5578635477e-01, 8.8513905486e-02, 4.1551762897e-01
2.9729729730e-01, -4.1905199149e+05, 6.5529291514e-01, 3.2810846579e-01, 4.1681173647e-01
2.9829829830e-01, -4.2034471283e+05, 6.5479437063e-01, 8.9001934895e-02, 4.1810225505e-01
2.9929929930e-01, -4.2163383100e+05, 6.5429077207e-01, 3.3020468365e-01, 4.1938918713e-01
3.0030030030e-01, -4.2291934867e+05, 6.5378216982e-01, 8.9482779411e-02, 4.2067253525e-01
3.0130130130e-01, -4.2420126863e+05, 6.5326861369e-01, 3.3229372170e-01, 4.2195230212e-01
3.0230230230e-01, -4.2547959382e+05, 6.5275015305e-01, 8.9956449458e-02, 4.2322849053e-01
3.0330330330e-01, -4.2675432728e+05, 6.5222683673e-01, 3.3437559088e-01, 4.2450110344e-01
3.0430430430e-01, -4.2802547218e+05, 6.5169871309e-01, 9.0422956498e-02, 4.2577014391e-01
3.0530530531e-01, -4.2929303181e+05, 6.5116583002e-01, 3.3645030316e-01, 4.2703561514e-01
3.0630630631e-01, -4.3055700961e+05, 6.5062823493e-01, 9.0882313003e-02, 4.2829752044e-01
3.0730730731e-01, -4.3181740910e+05, 6.5008597474e-01, 3.3851787152e-01, 4.2955586324e-01
3.0830830831e-01, -4.3307423394e+05, 6.4953909593e-01, 9.1334532416e-02, 4.3081064709e-01
3.0930930931e-01, -4.3432748788e+05, 6.4898764448e-01, 3.4057830985e-01, 4.3206187566e-01
3.1031031031e-01, -4.3557717482e+05, 6.4843166595e-01, 9.1779629122e-02, 4.3330955271e-01
3.1131131131e-01, -4.3682329873e+05, 6.4787120543e-01, 3.4263163302e-01, 4.3455368214e-01
3.1231231231e-01, -4.3806586372e+05, 6.4730630755e-01, 9.2217618410e-02, 4.3579426794e-01
3.1331331331e-01, -4.3930487399e+05, 6.4673701652e-01, 3.4467785674e-01, 4.3703131422e-01
3.1431431431e-01, -4.4054033385e+05, 6.4616337608e-01, 9.2648516452e-02, 4.3826482519e-01
3.1531531532e-01, -4.4177224771e+05, 6.4558542957e-01, 3.4671699762e-01, 4.3949480516e-01
3.1631631632e-01, -4.4300062008e+05, 6.4500321986e-01, 9.3072340261e-02, 4.4072125854e-01
3.1731731732e-01, -4.4422545557e+05, 6.4441678943e-01, 3.4874907309e-01, 4.4194418985e-01
3.1831831832e-01, -4.4544675889e+05, 6.4382618030e-01, 9.3489107670e-02, 4.4316360370e-01
3.1931931932e-01, -4.4666453485e+05, 6.4323143410e-01, 3.5077410136e-01, 4.4437950479e-01
3.2032032032e-01, -4.4787878835e+05, 6.4263259204e-01, 9.3898837297e-02, 4.4559189794e-01
3.2132132132e-01, -4.4908952437e+05, 6.4202969491e-01, 3.5279210145e-01, 4.4680078802e-01
3.2232232232e-01, -4.5029674799e+05, 6.4142278309e-01, 9.4301548522e-02, 4.4800618004e-01
3.2332332332e-01, -4.5150046439e+05, 6.4081189658e-01, 3.5480309311e-01, 4.4920807907e-01
3.2432432432e-01, -4.5270067881e+05, 6.4019707497e-01, 9.4697261456e-02, 4.5040649026e-01
3.2532532533e-01, -4.5389739661e+05, 6.3957835744e-01, 3.5680709679e-01, 4.5160141887e-01
3.2632632633e-01, -4.5509062321e+05, 6.3895578280e-01, 9.5085996915e-02, 4.5279287024e-01
3.2732732733e-01, -4.5628036412e+05, 6.3832938947e-01, 3.5880413367e-01, 4.5398084977e-01
3.2832832833e-01, -4.5746662492e+05, 6.3769921549e-01, 9.5467776394e-02, 4.5516536297e-01
3.2932932933e-01, -4.5864941129e+05, 6.3706529850e-01, 3.6079422556e-01, 4.5634641541e-01
3.3033033033e-01, -4.5982872896e+05, 6.3642767579e-01, 9.5842622040e-02, 4.5752401275e-01
3.3133133133e-01, -4.6100458377e+05, 6.3578638427e-01, 3.6277739492e-01, 4.5869816072e-01
3.3233233233e-01, -4.6217698160e+05, 6.3514146048e-01, 9.6210556633e-02, 4.5986886514e-01
3.3333333333e-01, -4.6334592843e+05, 6.3449294059e-01, 3.6475366486e-01, 4.6103613187e-01
3.3433433433e-01, -4.6451143030e+05, 6.3384086044e-01, 9.6571603553e-02, 4.6219996688e-01
3.3533533534e-01, -4.6567349331e+05, 6.3318525546e-01, 3.6672305902e-01, 4.6336037618e-01
3.3633633634e-01, -4.6683212366e+05, 6.3252616078e-01, 9.6925786764e-02, 4.6451736588e-01
3.3733733734e-01, -4.6798732758e+05, 6.3186361115e-01, 3.6868560168e-01, 4.6567094213e-01
3.3833833834e-01, -4.6913911140e+05, 6.3119764098e-01, 9.7273130787e-02, 4.6682111117e-01
3.3933933934e-01, -4.7028748148e+05, 6.3052828434e-01, 3.7064131760e-01, 4.6796787928e-01
3.4034034034e-01, -4.7143244427e+05, 6.2985557497e-01, 9.7613660677e-02, 4.6911125282e-01
3.4134134134e-01, -4.7257400628e+05, 6.2917954624e-01, 3.7259023212e-01, 4.7025123821e-01
3.4234234234e-01, -4.7371217407e+05, 6.2850023124e-01, 9.7947402007e-02, 4.7138784194e-01
3.4334334334e-01, -4.7484695426e+05, 6.2781766267e-01, 3.7453237104e-01, 4.7252107054e-01
3.4434434434e-01, -4.7597835354e+05, 6.2713187297e-01, 9.8274380840e-02, 4.7365093062e-01
3.4534534535e-01, -4.7710637864e+05, 6.2644289419e-01, 3.7646776068e-01, 4.7477742884e-01
3.4634634635e-01, -4.7823103636e+05, 6.2575075812e-01, 9.8594623710e-02, 4.7590057189e-01
3.4734734735e-01, -4.7935233355e+05, 6.2505549618e-01, 3.7839642780e-01, 4.7702036656e-01
3.4834834835e-01, -4.8047027711e+05, 6.2435713953e-01, 9.8908157607e-02, 4.7813681967e-01
3.4934934935e-01, -4.8158487400e+05, 6.2365571899e-01, 3.8031839960e-01, 4.7924993809e-01
3.5035035035e-01, -4.8269613122e+05, 6.2295126506e-01, 9.9215009949e-02, 4.8035972875e-01
3.5135135135e-01, -4.8380405583e+05, 6.2224380796e-01, 3.8223370371e-01, 4.8146619862e-01
3.5235235235e-01, -4.8490865492e+05, 6.2153337761e-01, 9.9515208571e-02, 4.8256935473e-01
3.5335335335e-01, -4.8600993566e+05, 6.2082000361e-01, 3.8414236817e-01, 4.8366920416e-01
3.5435435435e-01, -4.8710790524e+05, 6.2010371529e-01, 9.9808781701e-02, 4.8476575402e-01
3.5535535536e-01, -4.8820257089e+05, 6.1938454168e-01, 3.8604442139e-01, 4.8585901148e-01
3.5635635636e-01, -4.8929393992e+05, 6.1866251150e-01, 1.0009575794e-01, 4.8694898374e-01
3.5735735736e-01, -4.9038201965e+05, 6.1793765322e-01, 3.8793989216e-01, 4.8803567808e-01
3.5835835836e-01, -4.9146681744e+05, 6.1720999500e-01, 1.0037616627e-01, 4.8911910177e-01
3.5935935936e-01, -4.9254834072e+05, 6.1647956473e-01, 3.8982880963e-01, 4.9019926216e-01
3.6036036036e-01, -4.9362659694e+05, 6.1574639002e-01, 1.0065003597e-01, 4.9127616663e-01
3.6136136136e-01, -4.9470159358e+05, 6.1501049820e-01, 3.9171120325e-01, 4.9234982260e-01
3.6236236236e-01, -4.9577333819e+05, 6.1427191634e-01, 1.0091739669e-01, 4.9342023752e-01
3.6336336336e-01, -4.9684183832e+05, 6.1353067122e-01, 3.9358710282e-01, 4.9448741889e-01
3.6436436436e-01, -4.9790710158e+05, 6.1278678939e-01, 1.0117827837e-01, 4.9555137423e-01
3.6536536537e-01, -4.9896913560e+05, 6.1204029708e-01, 3.9545653843e-01, 4.9661211112e-01
3.6636636637e-01, -5.0002794807e+05, 6.1129122032e-01, 1.0143271124e-01, 4.9766963715e-01
3.6736736737e-01, -5.0108354667e+05, 6.1053958483e-01, 3.9731954046e-01, 4.9872395996e-01
3.6836836837e-01, -5.0213593916e+05, 6.0978541611e-01, 1.0168072582e-01, 4.9977508721e-01
3.6936936937e-01, -5.0318513330e+05, 6.0902873939e-01, 3.9917613955e-01, 5.0082302661e-01
3.7037037037e-01, -5.0423113689e+05, 6.0826957964e-01, 1.0192235288e-01, 5.0186778588e-01
3.7137137137e-01, -5.0527395776e+05, 6.0750796159e-01, 4.0102636660e-01, 5.0290937278e-01
3.7237237237e-01, -5.0631360376e+05, 6.0674390974e-01, 1.0215762344e-01, 5.0394779510e-01
3.7337337337e-01, -5.0735008279e+05, 6.0597744832e-01, 4.0287025276e-01, 5.0498306066e-01
3.7437437437e-01, -5.0838340275e+05, 6.0520860133e-01, 1.0238656878e-01, 5.0601517730e-01
3.7537537538e-01, -5.0941357158e+05, 6.0443739253e-01, 4.0470782941e-01, 5.0704415290e-01
3.7637637638e-01, -5.1044059725e+05, 6.0366384545e-01, 1.0260922036e-01, 5.0806999535e-01
3.7737737738e-01, -5.1146448774e+05, 6.0288798337e-01, 4.0653912812e-01, 5.0909271257e-01
3.7837837838e-01, -5.1248525108e+05, 6.0210982936e-01, 1.0282560988e-01, 5.1011231251e-01
3.7937937938e-01, -5.1350289528e+05, 6.0132940623e-01, 4.0836418068e-01, 5.1112880314e-01
3.8038038038e-01, -5.1451742842e+05, 6.0054673660e-01, 1.0303576922e-01, 5.1214219245e-01
3.8138138138e-01, -5.1552885856e+05, 5.9976184284e-01, 4.1018301908e-01, 5.1315248845e-01
3.8238238238e-01, -5.1653719382e+05, 5.9897474709e-01, 1.0323973044e-01, 5.1415969918e-01
3.8338338338e-01, -5.1754244230e+05, 5.9818547129e-01, 4.1199567546e-01, 5.1516383269e-01
3.8438438438e-01, -5.1854461215e+05, 5.9739403716e-01, 1.0343752579e-01, 5.1616489707e-01
3.8538538539e-01, -5.1954371152e+05, 5.9660046619e-01, 4.1380218214e-01, 5.1716290039e-01
3.8638638639e-01, -5.2053974859e+05, 5.9580477967e-01, 1.0362918765e-01, 5.1815785079e-01
3.8738738739e-01, -5.2153273156e+05, 5.9500699866e-01, 4.1560257159e-01, 5.1914975637e-01
3.8838838839e-01, -5.2252266862e+05, 5.9420714403e-01, 1.0381474857e-01, 5.2013862530e-01
3.8938938939e-01, -5.2350956801e+05, 5.9340523643e-01, 4.1739687641e-01, 5.2112446573e-01
3.9039039039e-01, -5.2449343796e+05, 5.9260129630e-01, 1.0399424121e-01, 5.2210728583e-01
3.9139139139e-01, -5.2547428672e+05, 5.9179534390e-01, 4.1918512935e-01, 5.2308709382e-01
3.9239239239e-01, -5.2645212257e+05, 5.9098739927e-01, 1.0416769839e-01, 5.2406389788e-01
3.9339339339e-01, -5.2742695378e+05, 5.9017748224e-01, 4.2096736326e-01, 5.2503770624e-01
3.9439439439e-01, -5.2839878865e+05, 5.8936561246e-01, 1.0433515301e-01, 5.2600852713e-01
3.9539539540e-01, -5.2936763547e+05, 5.8855180939e-01, 4.2274361111e-01, 5.2697636880e-01
3.9639639640e-01, -5.3033350257e+05, 5.8773609227e-01, 1.0449663809e-01, 5.2794123950e-01
3.9739739740e-01, -5.3129639828e+05, 5.8691848018e-01, 4.2451390596e-01, 5.2890314751e-01
3.9839839840e-01, -5.3225633092e+05, 5.8609899198e-01, 1.0465218674e-01, 5.2986210109e-01
3.9939939940e-01, -5.3321330885e+05, 5.8527764636e-01, 4.2627828097e-01, 5.3081810854e-01
4.0040040040e-01, -5.3416734041e+05, 5.8445446183e-01, 1.0480183215e-01, 5.3177117815e-01
4.0140140140e-01, -5.3511843398e+05, 5.8362945670e-01, 4.2803676937e-01, 5.3272131824e-01
4.0240240240e-01, -5.3606659791e+05, 5.8280264909e-01, 1.0494560759e-01, 5.3366853710e-01
4.0340340340e-01, -5.3701184060e+05, 5.8197405697e-01, 4.2978940446e-01, 5.3461284307e-01
4.0440440440e-01, -5.3795417041e+05, 5.8114369811e-01, 1.0508354640e-01, 5.3555424447e-01
4.0540540541e-01, -5.3889359575e+05, 5.8031159010e-01, 4.3153621960e-01, 5.3649274963e-01
4.0640640641e-01, -5.3983012501e+05, 5.7947775037e-01, 1.0521568196e-01, 5.3742836691e-01
4.0740740741e-01, -5.4076376659e+05, 5.7864219617e-01, 4.3327724821e-01, 5.3836110463e-01
4.0840840841e-01, -5.4169452889e+05, 5.7780494456e-01, 1.0534204771e-01, 5.3929097116e-01
4.0940940941e-01, -5.4262242033e+05, 5.7696601247e-01, 4.3501252375e-01, 5.4021797484e-01
4.1041041041e-01, -5.4354744931e+05, 5.7612541661e-01, 1.0546267714e-01, 5.4114212404e-01
4.1141141141e-01, -5.4446962426e+05, 5.7528317358e-01, 4.3674207970e-01, 5.4206342712e-01
4.1241241241e-01, -5.4538895358e+05, 5.7443929976e-01, 1.0557760374e-01, 5.4298189245e-01
4.1341341341e-01, -5.4630544571e+05, 5.7359381142e-01, 4.3846594960e-01, 5.4389752838e-01
4.1441441441e-01, -5.4721910905e+05, 5.7274672461e-01, 1.0568686105e-01, 5.4481034329e-01
4.1541541542e-01, -5.4812995205e+05, 5.7189805527e-01, 4.4018416698e-01, 5.4572034556e-01
4.1641641642e-01, -5.4903798311e+05, 5.7104781917e-01, 1.0579048262e-01, 5.4662754354e-01
4.1741741742e-01, -5.4994321066e+05, 5.7019603189e-01, 4.4189676540e-01, 5.4753194563e-01
4.1841841842e-01, -5.5084564314e+05, 5.6934270890e-01, 1.0588850200e-01, 5.4843356018e-01
4.1941941942e-01, -5.5174528895e+05, 5.6848786549e-01, 4.4360377841e-01, 5.4933239556e-01
4.2042042042e-01, -5.5264215652e+05, 5.6763151680e-01, 1.0598095276e-01, 5.5022846016e-01
4.2142142142e-01, -5.5353625428e+05, 5.6677367783e-01, 4.4530523956e-01, 5.5112176234e-01
4.2242242242e-01, -5.5442759063e+05, 5.6591436342e-01, 1.0606786844e-01, 5.5201231048e-01
4.2342342342e-01, -5.5531617401e+05, 5.6505358826e-01, 4.4700118242e-01, 5.5290011292e-01
4.2442442442e-01, -5.5620201281e+05, 5.6419136690e-01, 1.0614928259e-01, 5.5378517805e-01
4.2542542543e-01, -5.5708511546e+05, 5.6332771375e-01, 4.4869164050e-01, 5.5466751422e-01
4.2642642643e-01, -5.5796549035e+05, 5.6246264307e-01, 1.0622522872e-01, 5.5554712980e-01
4.2742742743e-01, -5.5884314590e+05, 5.6159616898e-01, 4.5037664733e-01, 5.5642403312e-01
4.2842842843e-01, -5.5971809050e+05, 5.6072830545e-01, 1.0629574033e-01, 5.5729823256e-01
4.2942942943e-01, -5.6059033254e+05, 5.5985906633e-01, 4.5205623637e-01, 5.5816973645e-01
4.3043043043e-01, -5.6145988042e+05, 5.5898846531e-01, 1.0636085090e-01, 5.5903855313e-01
4.3143143143e-01, -5.6232674251e+05, 5.5811651597e-01, 4.5373044108e-01, 5.5990469095e-01
4.3243243243e-01, -5.6319092721e+05, 5.5724323172e-01, 1.0642059384e-01, 5.6076815823e-01
4.3343343343e-01, -5.6405244287e+05, 5.5636862586e-01, 4.5539929487e-01, 5.6162896331e-01
4.3443443443e-01, -5.6491129787e+05, 5.5549271157e-01, 1.0647500255e-01, 5.6248711449e-01
4.3543543544e-01, -5.6576750057e+05, 5.5461550187e-01, 4.5706283110e-01, 5.6334262010e-01
4.3643643644e-01, -5.6662105931e+05, 5.5373700965e-01, 1.0652411036e-01, 5.6419548844e-01
4.3743743744e-01, -5.6747198245e+05, 5.5285724771e-01, 4.5872108308e-01, 5.6504572781e-01
4.3843843844e-01, -5.6832027832e+05, 5.5197622868e-01, 1.0656795056e-01, 5.6589334651e-01
4.3943943944e-01, -5.6916595524e+05, 5.5109396508e-01, 4.6037408407e-01, 5.6673835281e-01
4.4044044044e-01, -5.7000902156e+05, 5.5021046932e-01, 1.0660655637e-01, 5.6758075500e-01
4.4144144144e-01, -5.7084948556e+05, 5.4932575365e-01, 4.6202186726e-01, 5.6842056135e-01
4.4244244244e-01, -5.7168735557e+05, 5.4843983024e-01, 1.0663996096e-01, 5.6925778011e-01
4.4344344344e-01, -5.7252263987e+05, 5.4755271111e-01, 4.6366446580e-01, 5.7009241954e-01
4.4444444444e-01, -5.7335534675e+05, 5.4666440817e-01, 1.0666819743e-01, 5.7092448787e-01
4.4544544545e-01, -5.7418548449e+05, 5.4577493322e-01, 4.6530191272e-01, 5.7175399335e-01
4.4644644645e-01, -5.7501306135e+05, 5.4488429792e-01, 1.0669129879e-01, 5.7258094419e-01
4.4744744745e-01, -5.7583808559e+05, 5.4399251383e-01, 4.6693424102e-01, 5.7340534861e-01
4.4844844845e-01, -5.7666056544e+05, 5.4309959240e-01, 1.0670929799e-01, 5.7422721482e-01
4.4944944945e-01, -5.7748050916e+05, 5.4220554495e-01, 4.6856148360e-01, 5.7504655099e-01
4.5045045045e-01, -5.7829792496e+05, 5.4131038270e-01, 1.0672222789e-01, 5.7586336533e-01
4.5145145145e-01, -5.7911282105e+05, 5.4041411675e-01, 4.7018367329e-01, 5.7667766599e-01
4.5245245245e-01, -5.7992520564e+05, 5.3951675809e-01, 1.0673012128e-01, 5.7748946113e-01
4.5345345345e-01, -5.8073508690e+05, 5.3861831762e-01, 4.7180084282e-01, 5.7829875891e-01
4.5445445445e-01, -5.8154247303e+05, 5.3771880609e-01, 1.0673301083e-01, 5.7910556747e-01
4.5545545546e-01, -5.8234737219e+05, 5.3681823419e-01, 4.7341302482e-01, 5.7990989492e-01
4.5645645646e-01, -5.8314979252e+05, 5.3591661247e-01, 1.0673092915e-01, 5.8071174937e-01
4.5745745746e-01, -5.8394974216e+05, 5.3501395139e-01, 4.7502025184e-01, 5.8151113894e-01
4.5845845846e-01, -5.8474722926e+05, 5.3411026130e-01, 1.0672390873e-01, 5.8230807170e-01
4.5945945946e-01, -5.8554226191e+05, 5.3320555244e-01, 4.7662255634e-01, 5.8310255573e-01
4.6046046046e-01, -5.8633484822e+05, 5.3229983498e-01, 1.0671198196e-01, 5.8389459910e-01
4.6146146146e-01, -5.8712499627e+05, 5.3139311895e-01, 4.7821997065e-01, 5.8468420984e-01
4.6246246246e-01, -5.8791271415e+05, 5.3048541429e-01, 1.0669518114e-01, 5.8547139600e-01
4.6346346346e-01, -5.8869800990e+05, 5.2957673086e-01, 4.7981252701e-01, 5.8625616560e-01
4.6446446446e-01, -5.8948089158e+05, 5.2866707840e-01, 1.0667353845e-01, 5.8703852664e-01
4.6546546547e-01, -5.9026136721e+05, 5.2775646657e-01, 4.8140025756e-01, 5.8781848712e-01
4.6646646647e-01, -5.9103944481e+05, 5.2684490492e-01, 1.0664708597e-01, 5.8859605501e-01
4.6746746747e-01, -5.9181513239e+05, 5.2593240291e-01, 4.8298319430e-01, 5.8937123829e-01
4.6846846847e-01, -5.9258843792e+05, 5.2501896991e-01, 1.0661585565e-01, 5.9014404490e-01
4.6946946947e-01, -5.9335936939e+05, 5.2410461519e-01, 4.8456136914e-01, 5.9091448277e-01
4.7047047047e-01, -5.9412793475e+05, 5.2318934792e-01, 1.0657987933e-01, 5.9168255983e-01
4.7147147147e-01, -5.9489414194e+05, 5.2227317721e-01, 4.8613481386e-01, 5.9244828398e-01
4.7247247247e-01, -5.9565799889e+05, 5.2135611204e-01, 1.0653918874e-01, 5.9321166311e-01
4.7347347347e-01, -5.9641951350e+05, 5.2043816133e-01, 4.8770356013e-01, 5.9397270511e-01
4.7447447447e-01, -5.9717869368e+05, 5.1951933390e-01, 1.0649381547e-01, 5.9473141781e-01
4.7547547548e-01, -5.9793554730e+05, 5.1859963848e-01, 4.8926763947e-01, 5.9548780907e-01
4.7647647648e-01, -5.9869008222e+05, 5.1767908371e-01, 1.0644379101e-01, 5.9624188672e-01
4.7747747748e-01, -5.9944230628e+05, 5.1675767815e-01, 4.9082708331e-01, 5.9699365857e-01
4.7847847848e-01, -6.0019222733e+05, 5.1583543028e-01, 1.0638914670e-01, 5.9774313241e-01
4.7947947948e-01, -6.0093985317e+05, 5.1491234848e-01, 4.9238192292e-01, 5.9849031602e-01
4.8048048048e-01, -6.0168519159e+05, 5.1398844107e-01, 1.0632991375e-01, 5.9923521716e-01
4.8148148148e-01, -6.0242825039e+05, 5.1306371626e-01, 4.9393218946e-01, 5.9997784358e-01
4.8248248248e-01, -6.0316903731e+05, 5.1213818221e-01, 1.0626612326e-01, 6.0071820300e-01
4.8348348348e-01, -6.0390756010e+05, 5.1121184695e-01, 4.9547791394e-01, 6.0145630315e-01
4.8448448448e-01, -6.0464382650e+05, 5.1028471849e-01, 1.0619780617e-01, 6.0219215171e-01
4.8548548549e-01, -6.0537784422e+05, 5.0935680471e-01, 4.9701912724e-01, 6.0292575635e-01
4.8648648649e-01, -6.0610962094e+05, 5.0842811344e-01, 1.0612499329e-01, 6.0365712475e-01
4.8748748749e-01, -6.0683916434e+05, 5.0749865243e-01, 4.9855586012e-01, 6.0438626454e-01
4.8848848849e-01, -6.0756648208e+05, 5.0656842933e-01, 1.0604771531e-01, 6.0511318335e-01
4.8948948949e-01, -6.0829158180e+05, 5.0563745175e-01, 5.0008814318e-01, 6.0583788879e-01
4.9049049049e-01, -6.0901447112e+05, 5.0470572719e-01, 1.0596600276e-01, 6.0656038845e-01
4.9149149149e-01, -6.0973515765e+05, 5.0377326310e-01, 5.0161600688e-01, 6.0728068989e-01
4.9249249249e-01, -6.1045364898e+05, 5.0284006683e-01, 1.0587988603e-01, 6.0799880068e-01
4.9349349349e-01, -6.1116995266e+05, 5.0190614569e-01, 5.0313948155e-01, 6.0871472835e-01
4.9449449449e-01, -6.1188407625e+05, 5.0097150690e-01, 1.0578939537e-01, 6.0942848041e-01
4.9549549550e-01, -6.1259602728e+05, 5.0003615759e-01, 5.0465859736e-01, 6.1014006437e-01
4.9649649650e-01, -6.1330581326e+05, 4.9910010485e-01, 1.0569456089e-01, 6.1084948771e-01
4.9749749750e-01, -6.1401344169e+05, 4.9816335569e-01, 5.0617338434e-01, 6.1155675790e-01
4.9849849850e-01, -6.1471892003e+05, 4.9722591703e-01, 1.0559541254e-01, 6.1226188236e-01
4.9949949950e-01, -6.1542225576e+05, 4.9628779576e-01, 5.0768387238e-01, 6.1296486854e-01
5.0050050050e-01, -6.1612345630e+05, 4.9534899866e-01, 1.0549198013e-01, 6.1366572384e-01
5.0150150150e-01, -6.1682252906e+05, 4.9440953247e-01, 5.0919009121e-01, 6.1436445565e-01
5.0250250250e-01, -6.1751948146e+05, 4.9346940385e-01, 1.0538429332e-01, 6.1506107133e-01
5.0350350350e-01, -6.1821432087e+05, 4.9252861940e-01, 5.1069207040e-01, 6.1575557825e-01
5.0450450450e-01, -6.1890705465e+05, 4.9158718566e-01, 1.0527238161e-01, 6.1644798371e-01
5.0550550551e-01, -6.1959769015e+05, 4.9064510908e-01, 5.1218983941e-01, 6.1713829506e-01
5.0650650651e-01, -6.2028623468e+05, 4.8970239607e-01, 1.0515627437e-01, 6.1782651956e-01
5.0750750751e-01, -6.2097269554e+05, 4.8875905298e-01, 5.1368342749e-01, 6.1851266450e-01
5.0850850851e-01, -6.2165708003e+05, 4.8781508607e-01, 1.0503600080e-01, 6.1919673714e-01
5.0950950951e-01, -6.2233939540e+05, 4.8687050157e-01, 5.1517286378e-01, 6.1987874471e-01
5.1051051051e-01, -6.2301964890e+05, 4.8592530561e-01, 1.0491158993e-01, 6.2055869442e-01
5.1151151151e-01, -6.2369784775e+05, 4.8497950429e-01, 5.1665817724e-01, 6.2123659347e-01
5.1251251251e-01, -6.2437399916e+05, 4.8403310365e-01, 1.0478307066e-01, 6.2191244904e-01
5.1351351351e-01, -6.2504811031e+05, 4.8308610964e-01, 5.1813939669e-01, 6.2258626828e-01
5.1451451451e-01, -6.2572018837e+05, 4.8213852819e-01, 1.0465047172e-01, 6.2325805833e-01
5.1551551552e-01, -6.2639024047e+05, 4.8119036513e-01, 5.1961655079e-01, 6.2392782632e-01
5.1651651652e-01, -6.2705827376e+05, 4.8024162627e-01, 1.0451382170e-01, 6.2459557933e-01
5.1751751752e-01, -6.2772429533e+05, 4.7929231734e-01, 5.2108966802e-01, 6.2526132445e-01
5.1851851852e-01, -6.2838831226e+05, 4.7834244402e-01, 1.0437314900e-01, 6.2592506874e-01
5.1951951952e-01, -6.2905033163e+05, 4.7739201192e-01, 5.2255877672e-01, 6.2658681923e-01
5.2052052052e-01, -6.2971036047e+05, 4.7644102662e-01, 1.0422848189e-01, 6.2724658294e-01
5.2152152152e-01, -6.3036840582e+05, 4.7548949362e-01, 5.2402390509e-01, 6.2790436687e-01
5.2252252252e-01, -6.3102447467e+05, 4.7453741838e-01, 1.0407984846e-01, 6.2856017800e-01
5.2352352352e-01, -6.3167857401e+05, 4.7358480629e-01, 5.2548508112e-01, 6.2921402328e-01
5.2452452452e-01, -6.3233071080e+05, 4.7263166272e-01, 1.0392727666e-01, 6.2986590967e-01
5.2552552553e-01, -6.3298089199e+05, 4.7167799294e-01, 5.2694233269e-01, 6.3051584406e-01
5.2652652653e-01, -6.3362912451e+05, 4.7072380221e-01, 1.0377079425e-01, 6.3116383337e-01
5.2752752753e-01, -6.3427541524e+05, 4.6976909571e-01, 5.2839568748e-01, 6.3180988447e-01
5.2852852853e-01, -6.3491977109e+05, 4.6881387857e-01, 1.0361042886e-01, 6.3245400421e-01
5.2952952953e-01, -6.3556219890e+05, 4.6785815588e-01, 5.2984517303e-01, 6.3309619944e-01
5.3053053053e-01, -6.3620270552e+05, 4.6690193269e-01, 1.0344620793e-01, 6.3373647697e-01
5.3153153153e-01, -6.3684129777e+05, 4.6594521396e-01, 5.3129081672e-01, 6.3437484360e-01
5.3253253253e-01, -6.3747798245e+05, 4.6498800465e-01, 1.0327815876e-01, 6.3501130610e-01
5.3353353353e-01, -6.3811276635e+05, 4.6403030963e-01, 5.3273264574e-01, 6.3564587123e-01
5.3453453453e-01, -6.3874565621e+05, 4.6307213375e-01, 1.0310630847e-01, 6.3627854573e-01
5.3553553554e-01, -6.3937665879e+05, 4.6211348178e-01, 5.3417068714e-01, 6.3690933631e-01
5.3653653654e-01, -6.4000578079e+05, 4.6115435848e-01, 1.0293068402e-01, 6.3753824966e-01
5.3753753754e-01, -6.4063302892e+05, 4.6019476854e-01, 5.3560496781e-01, 6.3816529246e-01
5.3853853854e-01, -6.4125840986e+05, 4.5923471661e-01, 1.0275131222e-01, 6.3879047137e-01
5.3953953954e-01, -6.4188193025e+05, 4.5827420728e-01, 5.3703551446e-01, 6.3941379301e-01
5.4054054054e-01, -6.4250359673e+05, 4.5731324511e-01, 1.0256821969e-01, 6.4003526400e-01
5.4154154154e-01, -6.4312341593e+05, 4.5635183463e-01, 5.3846235365e-01, 6.4065489093e-01
5.4254254254e-01, -6.4374139443e+05, 4.5538998027e-01, 1.0238143291e-01, 6.4127268037e-01
5.4354354354e-01, -6.4435753882e+05, 4.5442768648e-01, 5.3988551175e-01, 6.4188863888e-01
5.4454454454e-01, -6.4497185563e+05, 4.5346495763e-01, 1.0219097819e-01, 6.4250277298e-01
5.4554554555e-01, -6.4558435141e+05, 4.5250179805e-01, 5.4130501500e-01, 6.4311508919e-01
5.4654654655e-01, -6.4619503266e+05, 4.5153821202e-01, 1.0199688166e-01, 6.4372559399e-01
5.4754754755e-01, -6.4680390588e+05, 4.5057420381e-01, 5.4272088946e-01, 6.4433429386e-01
5.4854854855e-01, -6.4741097754e+05, 4.4960977761e-01, 1.0179916931e-01, 6.4494119524e-01
5.4954954955e-01, -6.4801625409e+05, 4.4864493758e-01, 5.4413316101e-01, 6.4554630456e-01
5.5055055055e-01, -6.4861974195e+05, 4.4767968785e-01, 1.0159786694e-01, 6.4614962823e-01
5.5155155155e-01, -6.4922144753e+05, 4.4671403250e-01, 5.4554185540e-01, 6.4675117263e-01
5.5255255255e-01, -6.4982137723e+05, 4.4574797557e-01, 1.0139300020e-01, 6.4735094413e-01
5.5355355355e-01, -6.5041953741e+05, 4.4478152105e-01, 5.4694699817e-01, 6.4794894908e-01
5.5455455455e-01, -6.5101593441e+05, 4.4381467292e-01, 1.0118459458e-01, 6.4854519380e-01
5.5555555556e-01, -6.5161057457e+05, 4.4284743508e-01, 5.4834861474e-01, 6.4913968460e-01
5.5655655656e-01, -6.5220346418e+05, 4.4187981142e-01, 1.0097267538e-01, 6.4973242775e-01
5.5755755756e-01, -6.5279460953e+05, 4.4091180579e-01, 5.4974673034e-01, 6.5032342953e-01
5.5855855856e-01, -6.5338401688e+05, 4.3994342198e-01, 1.0075726777e-01, 6.5091269618e-01
5.5955955956e-01, -6.5397169249e+05, 4.3897466377e-01, 5.5114137004e-01, 6.5150023392e-01
5.6056056056e-01, -6.5455764256e+05, 4.3800553488e-01, 1.0053839673e-01, 6.5208604896e-01
5.6156156156e-01, -6.5514187330e+05, 4.3703603900e-01, 5.5253255874e-01, 6.5267014746e-01
5.6256256256e-01, -6.5572439089e+05, 4.3606617979e-01, 1.0031608709e-01, 6.5325253560e-01
5.6356356356e-01, -6.5630520149e+05, 4.3509596088e-01, 5.5392032119e-01, 6.5383321952e-01
5.6456456456e-01, -6.5688431125e+05, 4.3412538583e-01, 1.0009036351e-01, 6.5441220533e-01
5.6556556557e-01, -6.5746172628e+05, 4.3315445821e-01, 5.5530468196e-01, 6.5498949914e-01
5.6656656657e-01, -6.5803745268e+05, 4.3218318151e-01, 9.9861250476e-02, 6.5556510702e-01
5.6756756757e-01, -6.5861149653e+05, 4.3121155923e-01, 5.5668566548e-01, 6.5613903503e-01
5.6856856857e-01, -6.5918386388e+05, 4.3023959479e-01, 9.9628772327e-02, 6.5671128922e-01
5.6956956957e-01, -6.5975456078e+05, 4.2926729161e-01, 5.5806329598e-01, 6.5728187560e-01
5.7057057057e-01, -6.6032359324e+05, 4.2829465306e-01, 9.9392953231e-02, 6.5785080017e-01
5.7157157157e-01, -6.6089096725e+05, 4.2732168248e-01, 5.5943759755e-01, 6.5841806891e-01
5.7257257257e-01, -6.6145668880e+05, 4.2634838318e-01, 9.9153817191e-02, 6.5898368777e-01
5.7357357357e-01, -6.6202076384e+05, 4.2537475843e-01, 5.6080859413e-01, 6.5954766269e-01
5.7457457457e-01, -6.6258319830e+05, 4.2440081148e-01, 9.8911388052e-02, 6.6010999958e-01
5.7557557558e-01, -6.6314399810e+05, 4.2342654553e-01, 5.6217630946e-01, 6.6067070435e-01
5.7657657658e-01, -6.6370316913e+05, 4.2245196376e-01, 9.8665689492e-02, 6.6122978287e-01
5.7757757758e-01, -6.6426071726e+05, 4.2147706932e-01, 5.6354076715e-01, 6.6178724100e-01
5.7857857858e-01, -6.6481664836e+05, 4.2050186532e-01, 9.8416745030e-02, 6.6234308457e-01
5.7957957958e-01, -6.6537096825e+05, 4.1952635484e-01, 5.6490199064e-01, 6.6289731939e-01
5.8058058058e-01, -6.6592368275e+05, 4.1855054093e-01, 9.8164578022e-02, 6.6344995127e-01
5.8158158158e-01, -6.6647479765e+05, 4.1757442663e-01, 5.6626000320e-01, 6.6400098598e-01
5.8258258258e-01, -6.6702431872e+05, 4.1659801491e-01, 9.7909211661e-02, 6.6455042927e-01
5.8358358358e-01, -6.6757225172e+05, 4.1562130875e-01, 5.6761482795e-01, 6.6509828688e-01
5.8458458458e-01, -6.6811860238e+05, 4.1464431108e-01, 9.7650668981e-02, 6.6564456452e-01
5.8558558559e-01, -6.6866337641e+05, 4.1366702479e-01, 5.6896648783e-01, 6.6618926790e-01
5.8658658659e-01, -6.6920657950e+05, 4.1268945277e-01, 9.7388972856e-02, 6.6673240268e-01
5.8758758759e-01, -6.6974821733e+05, 4.1171159785e-01, 5.7031500564e-01, 6.6727397452e-01
5.8858858859e-01, -6.7028829554e+05, 4.1073346286e-01, 9.7124145999e-02, 6.6781398906e-01
5.8958958959e-01, -6.7082681978e+05, 4.0975505059e-01, 5.7166040402e-01, 6.6835245191e-01
5.9059059059e-01, -6.7136379565e+05, 4.0877636380e-01, 9.6856210963e-02, 6.6888936868e-01
5.9159159159e-01, -6.7189922875e+05, 4.0779740522e-01, 5.7300270544e-01, 6.6942474492e-01
5.9259259259e-01, -6.7243312465e+05, 4.0681817755e-01, 9.6585190143e-02, 6.6995858621e-01
5.9359359359e-01, -6.7296548889e+05, 4.0583868349e-01, 5.7434193221e-01, 6.7049089807e-01
5.9459459459e-01, -6.7349632703e+05, 4.0485892568e-01, 9.6311105774e-02, 6.7102168603e-01
5.9559559560e-01, -6.7402564456e+05, 4.0387890676e-01, 5.7567810649e-01, 6.7155095559e-01
5.9659659660e-01, -6.7455344698e+05, 4.0289862931e-01, 9.6033979936e-02, 6.7207871221e-01
5.9759759760e-01, -6.7507973977e+05, 4.0191809591e-01, 5.7701125028e-01, 6.7260496136e-01
5.9859859860e-01, -6.7560452838e+05, 4.0093730913e-01, 9.5753834549e-02, 6.7312970848e-01
5.9959959960e-01, -6.7612781825e+05, 3.9995627147e-01, 5.7834138542e-01, 6.7365295898e-01
6.0060060060e-01, -6.7664961479e+05, 3.9897498543e-01, 9.5470691377e-02, 6.7417471827e-01
6.0160160160e-01, -6.7716992339e+05, 3.9799345350e-01, 5.7966853361e-01, 6.7469499173e-01
6.0260260260e-01, -6.7768874943e+05, 3.9701167812e-01, 9.5184572029e-02, 6.7521378471e-01
6.0360360360e-01, -6.7820609827e+05, 3.9602966172e-01, 5.8099271636e-01, 6.7573110256e-01
6.0460460460e-01, -6.7872197525e+05, 3.9504740669e-01, 9.4895497956e-02, 6.7624695060e-01
6.0560560561e-01, -6.7923638569e+05, 3.9406491541e-01, 5.8231395505e-01, 6.7676133414e-01
6.0660660661e-01, -6.7974933487e+05, 3.9308219024e-01, 9.4603490455e-02, 6.7727425845e-01
6.0760760761e-01, -6.8026082809e+05, 3.9209923350e-01, 5.8363227091e-01, 6.7778572880e-01
6.0860860861e-01, -6.8077087060e+05, 3.9111604750e-01, 9.4308570671e-02, 6.7829575044e-01
6.0960960961e-01, -6.8127946764e+05, 3.9013263453e-01, 5.8494768500e-01, 6.7880432859e-01
6.1061061061e-01, -6.8178662443e+05, 3.8914899685e-01, 9.4010759593e-02, 6.7931146846e-01
6.1161161161e-01, -6.8229234618e+05, 3.8816513669e-01, 5.8626021823e-01, 6.7981717524e-01
6.1261261261e-01, -6.8279663808e+05, 3.8718105627e-01, 9.3710078056e-02, 6.8032145410e-01
6.1361361361e-01, -6.8329950527e+05, 3.8619675778e-01, 5.8756989136e-01, 6.8082431018e-01
6.1461461461e-01, -6.8380095292e+05, 3.8521224339e-01, 9.3406546746e-02, 6.8132574863e-01
6.1561561562e-01, -6.8430098614e+05, 3.8422751527e-01, 5.8887672501e-01, 6.8182577454e-01
6.1661661662e-01, -6.8479961004e+05, 3.8324257552e-01, 9.3100186195e-02, 6.8232439302e-01
6.1761761762e-01, -6.8529682972e+05, 3.8225742627e-01, 5.9018073962e-01, 6.8282160913e-01
6.1861861862e-01, -6.8579265024e+05, 3.8127206960e-01, 9.2791016784e-02, 6.8331742794e-01
6.1961961962e-01, -6.8628707665e+05, 3.8028650758e-01, 5.9148195551e-01, 6.8381185449e-01
6.2062062062e-01, -6.8678011398e+05, 3.7930074224e-01, 9.2479058746e-02, 6.8430489378e-01
6.2162162162e-01, -6.8727176726e+05, 3.7831477562e-01, 5.9278039284e-01, 6.8479655083e-01
6.2262262262e-01, -6.8776204147e+05, 3.7732860972e-01, 9.2164332161e-02, 6.8528683061e-01
6.2362362362e-01, -6.8825094159e+05, 3.7634224652e-01, 5.9407607160e-01, 6.8577573808e-01
6.2462462462e-01, -6.8873847258e+05, 3.7535568800e-01, 9.1846856964e-02, 6.8626327820e-01
6.2562562563e-01, -6.8922463937e+05, 3.7436893609e-01, 5.9536901165e-01, 6.8674945588e-01
6.2662662663e-01, -6.8970944689e+05, 3.7338199272e-01, 9.1526652939e-02, 6.8723427604e-01
6.2762762763e-01, -6.9019290005e+05, 3.7239485980e-01, 5.9665923272e-01, 6.8771774356e-01
6.2862862863e-01, -6.9067500372e+05, 3.7140753922e-01, 9.1203739725e-02, 6.8819986332e-01
6.2962962963e-01, -6.9115576277e+05, 3.7042003284e-01, 5.9794675437e-01, 6.8868064017e-01
6.3063063063e-01, -6.9163518205e+05, 3.6943234252e-01, 9.0878136812e-02, 6.8916007894e-01
6.3163163163e-01, -6.9211326638e+05, 3.6844447009e-01, 5.9923159600e-01, 6.8963818445e-01
6.3263263263e-01, -6.9259002059e+05, 3.6745641735e-01, 9.0549863546e-02, 6.9011496150e-01
6.3363363363e-01, -6.9306544946e+05, 3.6646818612e-01, 6.0051377690e-01, 6.9059041487e-01
6.3463463463e-01, -6.9353955776e+05, 3.6547977817e-01, 9.0218939128e-02, 6.9106454932e-01
6.3563563564e-01, -6.9401235026e+05, 3.6449119524e-01, 6.0179331620e-01, 6.9153736959e-01
6.3663663664e-01, -6.9448383169e+05, 3.6350243910e-01, 8.9885382615e-02, 6.9200888043e-01
6.3763763764e-01, -6.9495400678e+05, 3.6251351146e-01, 6.0307023287e-01, 6.9247908652e-01
6.3863863864e-01, -6.9542288022e+05, 3.6152441404e-01, 8.9549212918e-02, 6.9294799257e-01
6.3963963964e-01, -6.9589045671e+05, 3.6053514851e-01, 6.0434454576e-01, 6.9341560325e-01
6.4064064064e-01, -6.9635674091e+05, 3.5954571657e-01, 8.9210448808e-02, 6.9388192321e-01
6.4164164164e-01, -6.9682173746e+05, 3.5855611986e-01, 6.0561627358e-01, 6.9434695709e-01
6.4264264264e-01, -6.9728545102e+05, 3.5756636002e-01, 8.8869108914e-02, 6.9481070951e-01
6.4364364364e-01, -6.9774788617e+05, 3.5657643869e-01, 6.0688543487e-01, 6.9527318508e-01
6.4464464464e-01, -6.9820904754e+05, 3.5558635747e-01, 8.8525211723e-02, 6.9573438838e-01
6.4564564565e-01, -6.9866893969e+05, 3.5459611794e-01, 6.0815204805e-01, 6.9619432398e-01
6.4664664665e-01, -6.9912756718e+05, 3.5360572170e-01, 8.8178775582e-02, 6.9665299643e-01
6.4764764765e-01, -6.9958493457e+05, 3.5261517030e-01, 6.0941613140e-01, 6.9711041026e-01
6.4864864865e-01, -7.0004104637e+05, 3.5162446528e-01, 8.7829818697e-02, 6.9756656999e-01
6.4964964965e-01, -7.0049590711e+05, 3.5063360817e-01, 6.1067770307e-01, 6.9802148011e-01
6.5065065065e-01, -7.0094952126e+05, 3.4964260050e-01, 8.7478359139e-02, 6.9847514512e-01
6.5165165165e-01, -7.0140189331e+05, 3.4865144375e-01, 6.1193678104e-01, 6.9892756947e-01
6.5265265265e-01, -7.0185302772e+05, 3.4766013942e-01, 8.7124414837e-02, 6.9937875761e-01
6.5365365365e-01, -7.0230292892e+05, 3.4666868897e-01, 6.1319338318e-01, 6.9982871398e-01
6.5465465465e-01, -7.0275160135e+05, 3.4567709387e-01, 8.6768003587e-02, 7.0027744298e-01
6.5565565566e-01, -7.0319904940e+05, 3.4468535554e-01, 6.1444752722e-01, 7.0072494901e-01
6.5665665666e-01, -7.0364527747e+05, 3.4369347542e-01, 8.6409143045e-02, 7.0117123645e-01
6.5765765766e-01, -7.0409028994e+05, 3.4270145492e-01, 6.1569923074e-01, 7.0161630967e-01
6.5865865866e-01, -7.0453409115e+05, 3.4170929543e-01, 8.6047850734e-02, 7.0206017300e-01
6.5965965966e-01, -7.0497668545e+05, 3.4071699835e-01, 6.1694851121e-01, 7.0250283079e-01
6.6066066066e-01, -7.0541807716e+05, 3.3972456504e-01, 8.5684144042e-02, 7.0294428734e-01
6.6166166166e-01, -7.0585827059e+05, 3.3873199686e-01, 6.1819538594e-01, 7.0338454695e-01
6.6266266266e-01, -7.0629727003e+05, 3.3773929515e-01, 8.5318040222e-02, 7.0382361389e-01
6.6366366366e-01, -7.0673507974e+05, 3.3674646124e-01, 6.1943987212e-01, 7.0426149244e-01
6.6466466466e-01, -7.0717170400e+05, 3.3575349645e-01, 8.4949556397e-02, 7.0469818683e-01
6.6566566567e-01, -7.0760714703e+05, 3.3476040209e-01, 6.2068198680e-01, 7.0513370130e-01
6.6666666667e-01, -7.0804141306e+05, 3.3376717943e-01, 8.4578709554e-02, 7.0556804006e-01
6.6766766767e-01, -7.0847450630e+05, 3.3277382977e-01, 6.2192174692e-01, 7.0600120731e-01
6.6866866867e-01, -7.0890643094e+05, 3.3178035436e-01, 8.4205516552e-02, 7.0643320722e-01
6.6966966967e-01, -7.0933719115e+05, 3.3078675446e-01, 6.2315916925e-01, 7.0686404397e-01
6.7067067067e-01, -7.0976679110e+05, 3.2979303131e-01, 8.3829994119e-02, 7.0729372171e-01
6.7167167167e-01, -7.1019523492e+05, 3.2879918614e-01, 6.2439427047e-01, 7.0772224456e-01
6.7267267267e-01, -7.1062252674e+05, 3.2780522016e-01, 8.3452158851e-02, 7.0814961664e-01
6.7367367367e-01, -7.1104867067e+05, 3.2681113457e-01, 6.2562706710e-01, 7.0857584205e-01
6.7467467467e-01, -7.1147367080e+05, 3.2581693056e-01, 8.3072027219e-02, 7.0900092489e-01
6.7567567568e-01, -7.1189753122e+05, 3.2482260932e-01, 6.2685757556e-01, 7.0942486920e-01
6.7667667668e-01, -7.1232025599e+05, 3.2382817202e-01, 8.2689615564e-02, 7.0984767906e-01
6.7767767768e-01, -7.1274184914e+05, 3.2283361980e-01, 6.2808581211e-01, 7.1026935849e-01
6.7867867868e-01, -7.1316231472e+05, 3.2183895382e-01, 8.2304940100e-02, 7.1068991152e-01
6.7967967968e-01, -7.1358165674e+05, 3.2084417520e-01, 6.2931179292e-01, 7.1110934216e-01
6.8068068068e-01, -7.1399987920e+05, 3.1984928507e-01, 8.1918016914e-02, 7.1152765439e-01
6.8168168168e-01, -7.1441698607e+05, 3.1885428454e-01, 6.3053553400e-01, 7.1194485218e-01
6.8268268268e-01, -7.1483298133e+05, 3.1785917471e-01, 8.1528861971e-02, 7.1236093951e-01
6.8368368368e-01, -7.1524786894e+05, 3.1686395667e-01, 6.3175705126e-01, 7.1277592030e-01
6.8468468468e-01, -7.1566165282e+05, 3.1586863149e-01, 8.1137491107e-02, 7.1318979849e-01
6.8568568569e-01, -7.1607433690e+05, 3.1487320024e-01, 6.3297636047e-01, 7.1360257800e-01
6.8668668669e-01, -7.1648592508e+05, 3.1387766398e-01, 8.0743920037e-02, 7.1401426271e-01
6.8768768769e-01, -7.1689642126e+05, 3.1288202376e-01, 6.3419347728e-01, 7.1442485651e-01
6.8868868869e-01, -7.1730582932e+05, 3.1188628061e-01, 8.0348164354e-02, 7.1483436328e-01
6.8968968969e-01, -7.1771415311e+05, 3.1089043555e-01, 6.3540841724e-01, 7.1524278685e-01
6.9069069069e-01, -7.1812139647e+05, 3.0989448960e-01, 7.9950239527e-02, 7.1565013107e-01
6.9169169169e-01, -7.1852756324e+05, 3.0889844376e-01, 6.3662119573e-01, 7.1605639976e-01
6.9269269269e-01, -7.1893265724e+05, 3.0790229904e-01, 7.9550160904e-02, 7.1646159672e-01
6.9369369369e-01, -7.1933668225e+05, 3.0690605641e-01, 6.3783182806e-01, 7.1686572575e-01
6.9469469469e-01, -7.1973964208e+05, 3.0590971685e-01, 7.9147943713e-02, 7.1726879062e-01
6.9569569570e-01, -7.2014154048e+05, 3.0491328133e-01, 6.3904032940e-01, 7.1767079510e-01
6.9669669670e-01, -7.2054238122e+05, 3.0391675080e-01, 7.8743603064e-02, 7.1807174293e-01
6.9769769770e-01, -7.2094216803e+05, 3.0292012620e-01, 6.4024671478e-01, 7.1847163785e-01
6.9869869870e-01, -7.2134090464e+05, 3.0192340848e-01, 7.8337153946e-02, 7.1887048357e-01
6.9969969970e-01, -7.2173859476e+05, 3.0092659856e-01, 6.4145099915e-01, 7.1926828379e-01
7.0070070070e-01, -7.2213524209e+05, 2.9992969736e-01, 7.7928611232e-02, 7.1966504221e-01
7.0170170170e-01, -7.2253085031e+05, 2.9893270579e-01, 6.4265319731e-01, 7.2006076250e-01
7.0270270270e-01, -7.2292542309e+05, 2.9793562475e-01, 7.7517989677e-02, 7.2045544832e-01
7.0370370370e-01, -7.2331896407e+05, 2.9693845514e-01, 6.4385332396e-01, 7.2084910331e-01
7.0470470470e-01, -7.2371147691e+05, 2.9594119782e-01, 7.7105303921e-02, 7.2124173110e-01
7.0570570571e-01, -7.2410296521e+05, 2.9494385368e-01, 6.4505139369e-01, 7.2163333531e-01
7.0670670671e-01, -7.2449343260e+05, 2.9394642358e-01, 7.6690568486e-02, 7.2202391955e-01
7.0770770771e-01, -7.2488288266e+05, 2.9294890838e-01, 6.4624742097e-01, 7.2241348740e-01
7.0870870871e-01, -7.2527131899e+05, 2.9195130892e-01, 7.6273797782e-02, 7.2280204243e-01
7.0970970971e-01, -7.2565874514e+05, 2.9095362605e-01, 6.4744142013e-01, 7.2318958820e-01
7.1071071071e-01, -7.2604516466e+05, 2.8995586059e-01, 7.5855006106e-02, 7.2357612826e-01
7.1171171171e-01, -7.2643058111e+05, 2.8895801337e-01, 6.4863340543e-01, 7.2396166615e-01
7.1271271271e-01, -7.2681499800e+05, 2.8796008520e-01, 7.5434207640e-02, 7.2434620537e-01
7.1371371371e-01, -7.2719841884e+05, 2.8696207689e-01, 6.4982339098e-01, 7.2472974943e-01
7.1471471471e-01, -7.2758084713e+05, 2.8596398924e-01, 7.5011416454e-02, 7.2511230183e-01
7.1571571572e-01, -7.2796228636e+05, 2.8496582303e-01, 6.5101139081e-01, 7.2549386603e-01
7.1671671672e-01, -7.2834273999e+05, 2.8396757905e-01, 7.4586646509e-02, 7.2587444550e-01
7.1771771772e-01, -7.2872221147e+05, 2.8296925808e-01, 6.5219741882e-01, 7.2625404369e-01
7.1871871872e-01, -7.2910070426e+05, 2.8197086087e-01, 7.4159911654e-02, 7.2663266403e-01
7.1971971972e-01, -7.2947822178e+05, 2.8097238820e-01, 6.5338148880e-01, 7.2701030995e-01
7.2072072072e-01, -7.2985476744e+05, 2.7997384080e-01, 7.3731225628e-02, 7.2738698485e-01
7.2172172172e-01, -7.3023034464e+05, 2.7897521943e-01, 6.5456361445e-01, 7.2776269213e-01
7.2272272272e-01, -7.3060495678e+05, 2.7797652483e-01, 7.3300602062e-02, 7.2813743516e-01
7.2372372372e-01, -7.3097860722e+05, 2.7697775772e-01, 6.5574380932e-01, 7.2851121732e-01
7.2472472472e-01, -7.3135129933e+05, 2.7597891882e-01, 7.2868054479e-02, 7.2888404195e-01
7.2572572573e-01, -7.3172303645e+05, 2.7498000884e-01, 6.5692208690e-01, 7.2925591240e-01
7.2672672673e-01, -7.3209382192e+05, 2.7398102851e-01, 7.2433596295e-02, 7.2962683200e-01
7.2772772773e-01, -7.3246365906e+05, 2.7298197851e-01, 6.5809846055e-01, 7.2999680406e-01
7.2872872873e-01, -7.3283255118e+05, 2.7198285955e-01, 7.1997240820e-02, 7.3036583188e-01
7.2972972973e-01, -7.3320050157e+05, 2.7098367230e-01, 6.5927294352e-01, 7.3073391875e-01
7.3073073073e-01, -7.3356751351e+05, 2.6998441746e-01, 7.1559001257e-02, 7.3110106794e-01
7.3173173173e-01, -7.3393359027e+05, 2.6898509568e-01, 6.6044554897e-01, 7.3146728272e-01
7.3273273273e-01, -7.3429873510e+05, 2.6798570764e-01, 7.1118890706e-02, 7.3183256633e-01
7.3373373373e-01, -7.3466295125e+05, 2.6698625400e-01, 6.6161628993e-01, 7.3219692201e-01
7.3473473473e-01, -7.3502624195e+05, 2.6598673542e-01, 7.0676922161e-02, 7.3256035299e-01
7.3573573574e-01, -7.3538861042e+05, 2.6498715253e-01, 6.6278517937e-01, 7.3292286246e-01
7.3673673674e-01, -7.3575005985e+05, 2.6398750598e-01, 7.0233108516e-02, 7.3328445364e-01
7.3773773774e-01, -7.3611059344e+05, 2.6298779640e-01, 6.6395223011e-01, 7.3364512971e-01
7.3873873874e-01, -7.3647021437e+05, 2.6198802443e-01, 6.9787462559e-02, 7.3400489383e-01
7.3973973974e-01, -7.3682892580e+05, 2.6098819068e-01, 6.6511745489e-01, 7.3436374917e-01
7.4074074074e-01, -7.3718673088e+05, 2.5998829576e-01, 6.9339996978e-02, 7.3472169888e-01
7.4174174174e-01, -7.3754363276e+05, 2.5898834030e-01, 6.6628086636e-01, 7.3507874608e-01
7.4274274274e-01, -7.3789963457e+05, 2.5798832488e-01, 6.8890724361e-02, 7.3543489390e-01
7.4374374374e-01, -7.3825473941e+05, 2.5698825011e-01, 6.6744247705e-01, 7.3579014546e-01
7.4474474474e-01, -7.3860895040e+05, 2.5598811658e-01, 6.8439657195e-02, 7.3614450384e-01
7.4574574575e-01, -7.3896227062e+05, 2.5498792487e-01, 6.6860229939e-01, 7.3649797213e-01
7.4674674675e-01, -7.3931470315e+05, 2.5398767556e-01, 6.7986807868e-02, 7.3685055341e-01
7.4774774775e-01, -7.3966625106e+05, 2.5298736923e-01, 6.6976034573e-01, 7.3720225073e-01
7.4874874875e-01, -7.4001691740e+05, 2.5198700645e-01, 6.7532188670e-02, 7.3755306714e-01
7.4974974975e-01, -7.4036670521e+05, 2.5098658777e-01, 6.7091662831e-01, 7.3790300569e-01
7.5075075075e-01, -7.4071561752e+05, 2.4998611376e-01, 6.7075811791e-02, 7.3825206938e-01
7.5175175175e-01, -7.4106365736e+05, 2.4898558496e-01, 6.7207115927e-01, 7.3860026124e-01
7.5275275275e-01, -7.4141082772e+05, 2.4798500193e-01, 6.6617689327e-02, 7.3894758427e-01
7.5375375375e-01, -7.4175713159e+05, 2.4698436519e-01, 6.7322395065e-01, 7.3929404144e-01
7.5475475475e-01, -7.4210257197e+05, 2.4598367529e-01, 6.6157833277e-02, 7.3963963575e-01
7.5575575576e-01, -7.4244715182e+05, 2.4498293275e-01, 6.7437501441e-01, 7.3998437014e-01
7.5675675676e-01, -7.4279087410e+05, 2.4398213811e-01, 6.5696255542e-02, 7.4032824759e-01
7.5775775776e-01, -7.4313374175e+05, 2.4298129187e-01, 6.7552436240e-01, 7.4067127101e-01
7.5875875876e-01, -7.4347575770e+05, 2.4198039455e-01, 6.5232967933e-02, 7.4101344335e-01
7.5975975976e-01, -7.4381692489e+05, 2.4097944667e-01, 6.7667200639e-01, 7.4135476752e-01
7.6076076076e-01, -7.4415724622e+05, 2.3997844872e-01, 6.4767982162e-02, 7.4169524643e-01
7.6176176176e-01, -7.4449672459e+05, 2.3897740120e-01, 6.7781795803e-01, 7.4203488296e-01
7.6276276276e-01, -7.4483536288e+05, 2.3797630461e-01, 6.4301309851e-02, 7.4237368001e-01
7.6376376376e-01, -7.4517316398e+05, 2.3697515944e-01, 6.7896222892e-01, 7.4271164045e-01
7.6476476476e-01, -7.4551013075e+05, 2.3597396616e-01, 6.3832962529e-02, 7.4304876712e-01
7.6576576577e-01, -7.4584626604e+05, 2.3497272527e-01, 6.8010483052e-01, 7.4338506289e-01
7.6676676677e-01, -7.4618157270e+05, 2.3397143722e-01, 6.3362951632e-02, 7.4372053059e-01
7.6776776777e-01, -7.4651605355e+05, 2.3297010250e-01, 6.8124577423e-01, 7.4405517303e-01
7.6876876877e-01, -7.4684971141e+05, 2.3196872157e-01, 6.2891288506e-02, 7.4438899305e-01
7.6976976977e-01, -7.4718254909e+05, 2.3096729489e-01, 6.8238507135e-01, 7.4472199344e-01
7.7077077077e-01, -7.4751456939e+05, 2.2996582291e-01, 6.2417984407e-02, 7.4505417699e-01
7.7177177177e-01, -7.4784577510e+05, 2.2896430608e-01, 6.8352273309e-01, 7.4538554648e-01
7.7277277277e-01, -7.4817616898e+05, 2.2796274485e-01, 6.1943050501e-02, 7.4571610468e-01
7.7377377377e-01, -7.4850575381e+05, 2.2696113967e-01, 6.8465877057e-01, 7.4604585436e-01
7.7477477477e-01, -7.4883453233e+05, 2.2595949097e-01, 6.1466497865e-02, 7.4637479825e-01
7.7577577578e-01, -7.4916250728e+05, 2.2495779919e-01, 6.8579319483e-01, 7.4670293910e-01
7.7677677678e-01, -7.4948968140e+05, 2.2395606475e-01, 6.0988337488e-02, 7.4703027963e-01
7.7777777778e-01, -7.4981605741e+05, 2.2295428807e-01, 6.8692601681e-01, 7.4735682255e-01
7.7877877878e-01, -7.5014163801e+05, 2.2195246959e-01, 6.0508580270e-02, 7.4768257058e-01
7.7977977978e-01, -7.5046642590e+05, 2.2095060971e-01, 6.8805724737e-01, 7.4800752640e-01
7.8078078078e-01, -7.5079042377e+05, 2.1994870886e-01, 6.0027237027e-02, 7.4833169269e-01
7.8178178178e-01, -7.5111363430e+05, 2.1894676742e-01, 6.8918689727e-01, 7.4865507213e-01
7.8278278278e-01, -7.5143606015e+05, 2.1794478582e-01, 5.9544318488e-02, 7.4897766738e-01
7.8378378378e-01, -7.5175770397e+05, 2.1694276445e-01, 6.9031497722e-01, 7.4929948109e-01
7.8478478478e-01, -7.5207856842e+05, 2.1594070370e-01, 5.9059835296e-02, 7.4962051590e-01
7.8578578579e-01, -7.5239865612e+05, 2.1493860398e-01, 6.9144149780e-01, 7.4994077443e-01
7.8678678679e-01, -7.5271796970e+05, 2.1393646566e-01, 5.8573798009e-02, 7.5026025932e-01
7.8778778779e-01, -7.5303651178e+05, 2.1293428913e-01, 6.9256646953e-01, 7.5057897316e-01
7.8878878879e-01, -7.5335428494e+05, 2.1193207478e-01, 5.8086217103e-02, 7.5089691855e-01
7.8978978979e-01, -7.5367129180e+05, 2.1092982297e-01, 6.9368990285e-01, 7.5121409809e-01
7.9079079079e-01, -7.5398753492e+05, 2.0992753409e-01, 5.7597102968e-02, 7.5153051435e-01
7.9179179179e-01, -7.5430301688e+05, 2.0892520849e-01, 6.9481180811e-01, 7.5184616989e-01
7.9279279279e-01, -7.5461774024e+05, 2.0792284656e-01, 5.7106465913e-02, 7.5216106728e-01
7.9379379379e-01, -7.5493170756e+05, 2.0692044864e-01, 6.9593219556e-01, 7.5247520907e-01
7.9479479479e-01, -7.5524492137e+05, 2.0591801510e-01, 5.6614316166e-02, 7.5278859778e-01
7.9579579580e-01, -7.5555738421e+05, 2.0491554629e-01, 6.9705107541e-01, 7.5310123594e-01
7.9679679680e-01, -7.5586909859e+05, 2.0391304256e-01, 5.6120663871e-02, 7.5341312608e-01
7.9779779780e-01, -7.5618006703e+05, 2.0291050427e-01, 6.9816845776e-01, 7.5372427069e-01
7.9879879880e-01, -7.5649029202e+05, 2.0190793175e-01, 5.5625519095e-02, 7.5403467228e-01
7.9979979980e-01, -7.5679977606e+05, 2.0090532534e-01, 6.9928435263e-01, 7.5434433333e-01
8.0080080080e-01, -7.5710852164e+05, 1.9990268539e-01, 5.5128891821e-02, 7.5465325632e-01
8.0180180180e-01, -7.5741653121e+05, 1.9890001223e-01, 7.0039876996e-01, 7.5496144372e-01
8.0280280280e-01, -7.5772380724e+05, 1.9789730619e-01, 5.4630791956e-02, 7.5526889798e-01
8.0380380380e-01, -7.5803035219e+05, 1.9689456759e-01, 7.0151171962e-01, 7.5557562155e-01
8.0480480480e-01, -7.5833616849e+05, 1.9589179676e-01, 5.4131229327e-02, 7.5588161687e-01
8.0580580581e-01, -7.5864125858e+05, 1.9488899403e-01, 7.0262321140e-01, 7.5618688636e-01
8.0680680681e-01, -7.5894562487e+05, 1.9388615970e-01, 5.3630213683e-02, 7.5649143245e-01
8.0780780781e-01, -7.5924926979e+05, 1.9288329410e-01, 7.0373325502e-01, 7.5679525754e-01
8.0880880881e-01, -7.5955219573e+05, 1.9188039753e-01, 5.3127754696e-02, 7.5709836404e-01
8.0980980981e-01, -7.5985440509e+05, 1.9087747031e-01, 7.0484186010e-01, 7.5740075433e-01
8.1081081081e-01, -7.6015590026e+05, 1.8987451273e-01, 5.2623861961e-02, 7.5770243079e-01
8.1181181181e-01, -7.6045668359e+05, 1.8887152511e-01, 7.0594903619e-01, 7.5800339579e-01
8.1281281281e-01, -7.6075675748e+05, 1.8786850773e-01, 5.2118544996e-02, 7.5830365170e-01
8.1381381381e-01, -7.6105612425e+05, 1.8686546091e-01, 7.0705479280e-01, 7.5860320087e-01
8.1481481481e-01, -7.6135478628e+05, 1.8586238492e-01, 5.1611813246e-02, 7.5890204563e-01
8.1581581582e-01, -7.6165274588e+05, 1.8485928007e-01, 7.0815913930e-01, 7.5920018833e-01
8.1681681682e-01, -7.6195000539e+05, 1.8385614663e-01, 5.1103676080e-02, 7.5949763129e-01
8.1781781782e-01, -7.6224656713e+05, 1.8285298490e-01, 7.0926208505e-01, 7.5979437681e-01
8.1881881882e-01, -7.6254243341e+05, 1.8184979515e-01, 5.0594142791e-02, 7.6009042722e-01
8.1981981982e-01, -7.6283760652e+05, 1.8084657766e-01, 7.1036363930e-01, 7.6038578480e-01
8.2082082082e-01, -7.6313208876e+05, 1.7984333272e-01, 5.0083222601e-02, 7.6068045184e-01
8.2182182182e-01, -7.6342588241e+05, 1.7884006059e-01, 7.1146381123e-01, 7.6097443063e-01
8.2282282282e-01, -7.6371898974e+05, 1.7783676154e-01, 4.9570924659e-02, 7.6126772342e-01
8.2382382382e-01, -7.6401141302e+05, 1.7683343584e-01, 7.1256260995e-01, 7.6156033248e-01
8.2482482482e-01, -7.6430315451e+05, 1.7583008377e-01, 4.9057258039e-02, 7.6185226007e-01
8.2582582583e-01, -7.6459421644e+05, 1.7482670557e-01, 7.1366004451e-01, 7.6214350842e-01
8.2682682683e-01, -7.6488460105e+05, 1.7382330151e-01, 4.8542231745e-02, 7.6243407977e-01
8.2782782783e-01, -7.6517431058e+05, 1.7281987186e-01, 7.1475612387e-01, 7.6272397634e-01
8.2882882883e-01, -7.6546334724e+05, 1.7181641685e-01, 4.8025854711e-02, 7.6301320035e-01
8.2982982983e-01, -7.6575171324e+05, 1.7081293675e-01, 7.1585085692e-01, 7.6330175400e-01
8.3083083083e-01, -7.6603941079e+05, 1.6980943181e-01, 4.7508135799e-02, 7.6358963951e-01
8.3183183183e-01, -7.6632644207e+05, 1.6880590227e-01, 7.1694425251e-01, 7.6387685904e-01
8.3283283283e-01, -7.6661280928e+05, 1.6780234838e-01, 4.6989083801e-02, 7.6416341480e-01
8.3383383383e-01, -7.6689851459e+05, 1.6679877038e-01, 7.1803631937e-01, 7.6444930894e-01
8.3483483483e-01, -7.6718356016e+05, 1.6579516851e-01, 4.6468707439e-02, 7.6473454363e-01
8.3583583584e-01, -7.6746794816e+05, 1.6479154301e-01, 7.1912706621e-01, 7.6501912104e-01
8.3683683684e-01, -7.6775168073e+05, 1.6378789411e-01, 4.5947015368e-02, 7.6530304330e-01
8.3783783784e-01, -7.6803476002e+05, 1.6278422205e-01, 7.2021650165e-01, 7.6558631255e-01
8.3883883884e-01, -7.6831718816e+05, 1.6178052706e-01, 4.5424016174e-02, 7.6586893093e-01
8.3983983984e-01, -7.6859896727e+05, 1.6077680936e-01, 7.2130463422e-01, 7.6615090055e-01
8.4084084084e-01, -7.6888009948e+05, 1.5977306919e-01, 4.4899718375e-02, 7.6643222354e-01
8.4184184184e-01, -7.6916058688e+05, 1.5876930676e-01, 7.2239147243e-01, 7.6671290198e-01
8.4284284284e-01, -7.6944043159e+05, 1.5776552230e-01, 4.4374130421e-02, 7.6699293799e-01
8.4384384384e-01, -7.6971963568e+05, 1.5676171602e-01, 7.2347702468e-01, 7.6727233365e-01
8.4484484484e-01, -7.6999820124e+05, 1.5575788815e-01, 4.3847260698e-02, 7.6755109104e-01
8.4584584585e-01, -7.7027613036e+05, 1.5475403890e-01, 7.2456129933e-01, 7.6782921222e-01
8.4684684685e-01, -7.7055342509e+05, 1.5375016849e-01, 4.3319117525e-02, 7.6810669928e-01
8.4784784785e-01, -7.7083008749e+05, 1.5274627711e-01, 7.2564430466e-01, 7.6838355426e-01
8.4884884885e-01, -7.7110611962e+05, 1.5174236499e-01, 4.2789709154e-02, 7.6865977920e-01
8.4984984985e-01, -7.7138152352e+05, 1.5073843233e-01, 7.2672604890e-01, 7.6893537615e-01
8.5085085085e-01, -7.7165630121e+05, 1.4973447933e-01, 4.2259043773e-02, 7.6921034715e-01
8.5185185185e-01, -7.7193045474e+05, 1.4873050620e-01, 7.2780654020e-01, 7.6948469421e-01
8.5285285285e-01, -7.7220398611e+05, 1.4772651313e-01, 4.1727129507e-02, 7.6975841934e-01
8.5385385385e-01, -7.7247689734e+05, 1.4672250033e-01, 7.2888578665e-01, 7.7003152457e-01
8.5485485485e-01, -7.7274919043e+05, 1.4571846798e-01, 4.1193974417e-02, 7.7030401188e-01
8.5585585586e-01, -7.7302086737e+05, 1.4471441630e-01, 7.2996379629e-01, 7.7057588327e-01
8.5685685686e-01, -7.7329193016e+05, 1.4371034546e-01, 4.0659586499e-02, 7.7084714072e-01
8.5785785786e-01, -7.7356238076e+05, 1.4270625567e-01, 7.3104057707e-01, 7.7111778622e-01
8.5885885886e-01, -7.7383222116e+05, 1.4170214710e-01, 4.0123973687e-02, 7.7138782172e-01
8.5985985986e-01, -7.7410145332e+05, 1.4069801994e-01, 7.3211613690e-01, 7.7165724919e-01
8.6086086086e-01, -7.7437007918e+05, 1.3969387439e-01, 3.9587143854e-02, 7.7192607059e-01
8.6186186186e-01, -7.7463810071e+05, 1.3868971062e-01, 7.3319048362e-01, 7.7219428785e-01
8.6286286286e-01, -7.7490551983e+05, 1.3768552882e-01, 3.9049104811e-02, 7.7246190292e-01
8.6386386386e-01, -7.7517233849e+05, 1.3668132916e-01, 7.3426362502e-01, 7.7272891772e-01
8.6486486486e-01, -7.7543855861e+05, 1.3567711182e-01, 3.8509864306e-02, 7.7299533419e-01
8.6586586587e-01, -7.7570418211e+05, 1.3467287698e-01, 7.3533556880e-01, 7.7326115423e-01
8.6686686687e-01, -7.7596921089e+05, 1.3366862482e-01, 3.7969430030e-02, 7.7352637975e-01
8.6786786787e-01, -7.7623364686e+05, 1.3266435550e-01, 7.3640632264e-01, 7.7379101265e-01
8.6886886887e-01, -7.7649749192e+05, 1.3166006920e-01, 3.7427809610e-02, 7.7405505483e-01
8.6986986987e-01, -7.7676074796e+05, 1.3065576608e-01, 7.3747589412e-01, 7.7431850818e-01
8.7087087087e-01, -7.7702341684e+05, 1.2965144632e-01, 3.6885010615e-02, 7.7458137456e-01
8.7187187187e-01, -7.7728550046e+05, 1.2864711007e-01, 7.3854429080e-01, 7.7484365585e-01
8.7287287287e-01, -7.7754700067e+05, 1.2764275751e-01, 3.6341040557e-02, 7.7510535392e-01
8.7387387387e-01, -7.7780791933e+05, 1.2663838879e-01, 7.3961152014e-01, 7.7536647061e-01
8.7487487487e-01, -7.7806825829e+05, 1.2563400408e-01, 3.5795906887e-02, 7.7562700779e-01
8.7587587588e-01, -7.7832801941e+05, 1.2462960353e-01, 7.4067758957e-01, 7.7588696728e-01
8.7687687688e-01, -7.7858720451e+05, 1.2362518731e-01, 3.5249616998e-02, 7.7614635093e-01
8.7787787788e-01, -7.7884581542e+05, 1.2262075557e-01, 7.4174250646e-01, 7.7640516057e-01
8.7887887888e-01, -7.7910385397e+05, 1.2161630846e-01, 3.4702178226e-02, 7.7666339801e-01
8.7987987988e-01, -7.7936132198e+05, 1.2061184614e-01, 7.4280627812e-01, 7.7692106506e-01
8.8088088088e-01, -7.7961822124e+05, 1.1960736876e-01, 3.4153597850e-02, 7.7717816354e-01
8.8188188188e-01, -7.7987455357e+05, 1.1860287647e-01, 7.4386891178e-01, 7.7743469524e-01
8.8288288288e-01, -7.8013032076e+05, 1.1759836941e-01, 3.3603883093e-02, 7.7769066195e-01
8.8388388388e-01, -7.8038552459e+05, 1.1659384774e-01, 7.4493041466e-01, 7.7794606546e-01
8.8488488488e-01, -7.8064016685e+05, 1.1558931160e-01, 3.3053041120e-02, 7.7820090755e-01
8.8588588589e-01, -7.8089424931e+05, 1.1458476113e-01, 7.4599079388e-01, 7.7845518999e-01
8.8688688689e-01, -7.8114777374e+05, 1.1358019648e-01, 3.2501079043e-02, 7.7870891455e-01
8.8788788789e-01, -7.8140074189e+05, 1.1257561779e-01, 7.4705005654e-01, 7.7896208297e-01
8.8888888889e-01, -7.8165315552e+05, 1.1157102519e-01, 3.1948003916e-02, 7.7921469702e-01
8.8988988989e-01, -7.8190501638e+05, 1.1056641883e-01, 7.4810820965e-01, 7.7946675843e-01
8.9089089089e-01, -7.8215632620e+05, 1.0956179885e-01, 3.1393822740e-02, 7.7971826895e-01
8.9189189189e-01, -7.8240708672e+05, 1.0855716537e-01, 7.4916526019e-01, 7.7996923030e-01
8.9289289289e-01, -7.8265729966e+05, 1.0755251854e-01, 3.0838542463e-02, 7.8021964420e-01
8.9389389389e-01, -7.8290696674e+05, 1.0654785848e-01, 7.5022121508e-01, 7.8046951239e-01
8.9489489489e-01, -7.8315608968e+05, 1.0554318533e-01, 3.0282169976e-02, 7.8071883655e-01
8.9589589590e-01, -7.8340467018e+05, 1.0453849922e-01, 7.5127608119e-01, 7.8096761841e-01
8.9689689690e-01, -7.8365270995e+05, 1.0353380028e-01, 2.9724712118e-02, 7.8121585965e-01
8.9789789790e-01, -7.8390021066e+05, 1.0252908863e-01, 7.5232986533e-01, 7.8146356197e-01
8.9889889890e-01, -7.8414717402e+05, 1.0152436441e-01, 2.9166175678e-02, 7.8171072706e-01
8.9989989990e-01, -7.8439360169e+05, 1.0051962773e-01, 7.5338257426e-01, 7.8195735658e-01
9.0090090090e-01, -7.8463949536e+05, 9.9514878722e-02, 2.8606567388e-02, 7.8220345221e-01
9.0190190190e-01, -7.8488485669e+05, 9.8510117510e-02, 7.5443421469e-01, 7.8244901561e-01
9.0290290290e-01, -7.8512968734e+05, 9.7505344213e-02, 2.8045893931e-02, 7.8269404845e-01
9.0390390390e-01, -7.8537398896e+05, 9.6500558953e-02, 7.5548479328e-01, 7.8293855238e-01
9.0490490490e-01, -7.8561776320e+05, 9.5495761848e-02, 2.7484161937e-02, 7.8318252903e-01
9.0590590591e-01, -7.8586101171e+05, 9.4490953016e-02, 7.5653431662e-01, 7.8342598006e-01
9.0690690691e-01, -7.8610373611e+05, 9.3486132574e-02, 2.6921377987e-02, 7.8366890709e-01
9.0790790791e-01, -7.8634593804e+05, 9.2481300637e-02, 7.5758279128e-01, 7.8391131175e-01
9.0890890891e-01, -7.8658761911e+05, 9.1476457321e-02, 2.6357548609e-02, 7.8415319566e-01
9.0990990991e-01, -7.8682878096e+05, 9.0471602738e-02, 7.5863022375e-01, 7.8439456043e-01
9.1091091091e-01, -7.8706942517e+05, 8.9466737001e-02, 2.5792680283e-02, 7.8463540767e-01
9.1191191191e-01, -7.8730955336e+05, 8.8461860221e-02, 7.5967662050e-01, 7.8487573899e-01
9.1291291291e-01, -7.8754916713e+05, 8.7456972507e-02, 2.5226779436e-02, 7.8511555598e-01
9.1391391391e-01, -7.8778826806e+05, 8.6452073969e-02, 7.6072198792e-01, 7.8535486022e-01
9.1491491491e-01, -7.8802685775e+05, 8.5447164715e-02, 2.4659852449e-02, 7.8559365331e-01
9.1591591592e-01, -7.8826493777e+05, 8.4442244851e-02, 7.6176633237e-01, 7.8583193682e-01
9.1691691692e-01, -7.8850250969e+05, 8.3437314482e-02, 2.4091905653e-02, 7.8606971232e-01
9.1791791792e-01, -7.8873957508e+05, 8.2432373714e-02, 7.6280966016e-01, 7.8630698137e-01
9.1891891892e-01, -7.8897613550e+05, 8.1427422651e-02, 2.3522945329e-02, 7.8654374554e-01
9.1991991992e-01, -7.8921219251e+05, 8.0422461394e-02, 7.6385197755e-01, 7.8678000638e-01
9.2092092092e-01, -7.8944774765e+05, 7.9417490045e-02, 2.2952977712e-02, 7.8701576543e-01
9.2192192192e-01, -7.8968280248e+05, 7.8412508704e-02, 7.6489329075e-01, 7.8725102424e-01
9.2292292292e-01, -7.8991735852e+05, 7.7407517472e-02, 2.2382008989e-02, 7.8748578434e-01
9.2392392392e-01, -7.9015141730e+05, 7.6402516447e-02, 7.6593360591e-01, 7.8772004726e-01
9.2492492492e-01, -7.9038498036e+05, 7.5397505726e-02, 2.1810045298e-02, 7.8795381453e-01
9.2592592593e-01, -7.9061804921e+05, 7.4392485405e-02, 7.6697292916e-01, 7.8818708766e-01
9.2692692693e-01, -7.9085062537e+05, 7.3387455581e-02, 2.1237092733e-02, 7.8841986817e-01
9.2792792793e-01, -7.9108271034e+05, 7.2382416349e-02, 7.6801126656e-01, 7.8865215756e-01
9.2892892893e-01, -7.9131430563e+05, 7.1377367801e-02, 2.0663157338e-02, 7.8888395733e-01
9.2992992993e-01, -7.9154541274e+05, 7.0372310030e-02, 7.6904862413e-01, 7.8911526898e-01
9.3093093093e-01, -7.9177603314e+05, 6.9367243129e-02, 2.0088245114e-02, 7.8934609400e-01
9.3193193193e-01, -7.9200616834e+05, 6.8362167189e-02, 7.7008500786e-01, 7.8957643387e-01
9.3293293293e-01, -7.9223581980e+05, 6.7357082298e-02, 1.9512362014e-02, 7.8980629006e-01
9.3393393393e-01, -7.9246498901e+05, 6.6351988548e-02, 7.7112042368e-01, 7.9003566406e-01
9.3493493493e-01, -7.9269367742e+05, 6.5346886025e-02, 1.8935513948e-02, 7.9026455732e-01
9.3593593594e-01, -7.9292188651e+05, 6.4341774817e-02, 7.7215487747e-01, 7.9049297131e-01
9.3693693694e-01, -7.9314961773e+05, 6.3336655011e-02, 1.8357706779e-02, 7.9072090748e-01
9.3793793794e-01, -7.9337687253e+05, 6.2331526693e-02, 7.7318837506e-01, 7.9094836729e-01
9.3893893894e-01, -7.9360365236e+05, 6.1326389946e-02, 1.7778946327e-02, 7.9117535218e-01
9.3993993994e-01, -7.9382995866e+05, 6.0321244856e-02, 7.7422092227e-01, 7.9140186358e-01
9.4094094094e-01, -7.9405579286e+05, 5.9316091504e-02, 1.7199238367e-02, 7.9162790293e-01
9.4194194194e-01, -7.9428115640e+05, 5.8310929974e-02, 7.7525252484e-01, 7.9185347166e-01
9.4294294294e-01, -7.9450605069e+05, 5.7305760347e-02, 1.6618588631e-02, 7.9207857119e-01
9.4394394394e-01, -7.9473047716e+05, 5.6300582704e-02, 7.7628318849e-01, 7.9230320295e-01
9.4494494494e-01, -7.9495443722e+05, 5.5295397124e-02, 1.6037002806e-02, 7.9252736833e-01
9.4594594595e-01, -7.9517793227e+05, 5.4290203686e-02, 7.7731291887e-01, 7.9275106875e-01
9.4694694695e-01, -7.9540096373e+05, 5.3285002469e-02, 1.5454486538e-02, 7.9297430560e-01
9.4794794795e-01, -7.9562353298e+05, 5.2279793550e-02, 7.7834172162e-01, 7.9319708029e-01
9.4894894895e-01, -7.9584564143e+05, 5.1274577006e-02, 1.4871045429e-02, 7.9341939421e-01
9.4994994995e-01, -7.9606729045e+05, 5.0269352913e-02, 7.7936960231e-01, 7.9364124874e-01
9.5095095095e-01, -7.9628848142e+05, 4.9264121346e-02, 1.4286685040e-02, 7.9386264526e-01
9.5195195195e-01, -7.9650921574e+05, 4.8258882380e-02, 7.8039656649e-01, 7.9408358514e-01
9.5295295295e-01, -7.9672949476e+05, 4.7253636087e-02, 1.3701410888e-02, 7.9430406976e-01
9.5395395395e-01, -7.9694931985e+05, 4.6248382542e-02, 7.8142261965e-01, 7.9452410048e-01
9.5495495495e-01, -7.9716869237e+05, 4.5243121816e-02, 1.3115228450e-02, 7.9474367866e-01
9.5595595596e-01, -7.9738761369e+05, 4.4237853981e-02, 7.8244776724e-01, 7.9496280565e-01
9.5695695696e-01, -7.9760608514e+05, 4.3232579108e-02, 1.2528143162e-02, 7.9518148281e-01
9.5795795796e-01, -7.9782410808e+05, 4.2227297266e-02, 7.8347201469e-01, 7.9539971147e-01
9.5895895896e-01, -7.9804168384e+05, 4.1222008526e-02, 1.1940160417e-02, 7.9561749298e-01
9.5995995996e-01, -7.9825881376e+05, 4.0216712956e-02, 7.8449536736e-01, 7.9583482867e-01
9.6096096096e-01, -7.9847549918e+05, 3.9211410623e-02, 1.1351285571e-02, 7.9605171988e-01
9.6196196196e-01, -7.9869174141e+05, 3.8206101596e-02, 7.8551783059e-01, 7.9626816791e-01
9.6296296296e-01, -7.9890754178e+05, 3.7200785941e-02, 1.0761523937e-02, 7.9648417410e-01
9.6396396396e-01, -7.9912290161e+05, 3.6195463724e-02, 7.8653940968e-01, 7.9669973976e-01
9.6496496496e-01, -7.9933782219e+05, 3.5190135010e-02, 1.0170880789e-02, 7.9691486619e-01
9.6596596597e-01, -7.9955230485e+05, 3.4184799864e-02, 7.8756010987e-01, 7.9712955471e-01
9.6696696697e-01, -7.9976635087e+05, 3.3179458350e-02, 9.5793613624e-03, 7.9734380661e-01
9.6796796797e-01, -7.9997996156e+05, 3.2174110532e-02, 7.8857993639e-01, 7.9755762318e-01
9.6896896897e-01, -8.0019313821e+05, 3.1168756472e-02, 8.9869708514e-03, 7.9777100572e-01
9.6996996997e-01, -8.0040588210e+05, 3.0163396233e-02, 7.8959889441e-01, 7.9798395551e-01
9.7097097097e-01, -8.0061819452e+05, 2.9158029876e-02, 8.3937144131e-03, 7.9819647382e-01
9.7197197197e-01, -8.0083007674e+05, 2.8152657462e-02, 7.9061698906e-01, 7.9840856195e-01
9.7297297297e-01, -8.0104153003e+05, 2.7147279051e-02, 7.7995971656e-03, 7.9862022115e-01
9.7397397397e-01, -8.0125255566e+05, 2.6141894703e-02, 7.9163422545e-01, 7.9883145269e-01
9.7497497497e-01, -8.0146315489e+05, 2.5136504477e-02, 7.2046241889e-03, 7.9904225784e-01
9.7597597598e-01, -8.0167332898e+05, 2.4131108432e-02, 7.9265060863e-01, 7.9925263785e-01
9.7697697698e-01, -8.0188307919e+05, 2.3125706626e-02, 6.6088005252e-03, 7.9946259397e-01
9.7797797798e-01, -8.0209240676e+05, 2.2120299115e-02, 7.9366614364e-01, 7.9967212745e-01
9.7897897898e-01, -8.0230131293e+05, 2.1114885958e-02, 6.0121311789e-03, 7.9988123953e-01
9.7997997998e-01, -8.0250979895e+05, 2.0109467210e-02, 7.9468083545e-01, 8.0008993145e-01
9.8098098098e-01, -8.0271786604e+05, 1.9104042926e-02, 5.4146211175e-03, 8.0029820444e-01
9.8198198198e-01, -8.0292551545e+05, 1.8098613163e-02, 7.9569468902e-01, 8.0050605973e-01
9.8298298298e-01, -8.0313274839e+05, 1.7093177974e-02, 4.8162752716e-03, 8.0071349855e-01
9.8398398398e-01, -8.0333956608e+05, 1.6087737413e-02, 7.9670770925e-01, 8.0092052212e-01
9.8498498498e-01, -8.0354596974e+05, 1.5082291535e-02, 4.2170985352e-03, 8.0112713164e-01
9.8598598599e-01, -8.0375196059e+05, 1.4076840392e-02, 7.9771990103e-01, 8.0133332834e-01
9.8698698699e-01, -8.0395753982e+05, 1.3071384036e-02, 3.6170957658e-03, 8.0153911341e-01
9.8798798799e-01, -8.0416270865e+05, 1.2065922519e-02, 7.9873126919e-01, 8.0174448806e-01
9.8898898899e-01, -8.0436746827e+05, 1.1060455894e-02, 3.0162717853e-03, 8.0194945349e-01
9.8998998999e-01, -8.0457181987e+05, 1.0054984209e-02, 7.9974181853e-01, 8.0215401089e-01
9.9099099099e-01, -8.0477576465e+05, 9.0495075174e-03, 2.4146313799e-03, 8.0235816144e-01
9.9199199199e-01, -8.0497930378e+05, 8.0440258673e-03, 8.0075155383e-01, 8.0256190634e-01
9.9299299299e-01, -8.0518243846e+05, 7.0385393086e-03, 1.8121793002e-03, 8.0276524675e-01
9.9399399399e-01, -8.0538516985e+05, 6.0330478900e-03, 8.0176047982e-01, 8.0296818386e-01
9.9499499499e-01, -8.0558749913e+05, 5.0275516600e-03, 1.2089202621e-03, 8.0317071884e-01
9.9599599600e-01, -8.0578942746e+05, 4.0220506666e-03, 8.0276860119e-01, 8.0337285285e-01
9.9699699700e-01, -8.0599095601e+05, 3.0165449571e-03, 6.0485894650e-04, 8.0357458706e-01
9.9799799800e-01, -8.0619208594e+05, 2.0110345786e-03, 8.0377592262e-01, 8.0377592262e-01
9.9899899900e-01, -8.0639281840e+05, 1.0055195776e-03, 0.0000000000e+00, 8.0397686068e-01
1.0000000000e+00, -8.0558562292e+05, 0.0000000000e+00, 8.0317288835e-01, 0.0000000000e+00
