x, u_gen, u_spec
0.000000, 0.000000, 0.000000
0.003175, 0.028071, 0.028071
0.006349, 0.055165, 0.055165
0.009524, 0.081313, 0.081313
0.012698, 0.106546, 0.106546
0.015873, 0.130890, 0.130890
0.019048, 0.154375, 0.154375
0.022222, 0.177027, 0.177027
0.025397, 0.198871, 0.198871
0.028571, 0.219934, 0.219934
0.031746, 0.240240, 0.240240
0.034921, 0.259812, 0.259812
0.038095, 0.278673, 0.278673
0.041270, 0.296845, 0.296845
0.044444, 0.314351, 0.314351
0.047619, 0.331210, 0.331210
0.050794, 0.347443, 0.347443
0.053968, 0.363070, 0.363070
0.057143, 0.378110, 0.378110
0.060317, 0.392580, 0.392580
0.063492, 0.406499, 0.406499
0.066667, 0.419884, 0.419884
0.069841, 0.432751, 0.432751
0.073016, 0.445118, 0.445118
0.076190, 0.456998, 0.456998
0.079365, 0.468408, 0.468408
0.082540, 0.479363, 0.479363
0.085714, 0.489876, 0.489876
0.088889, 0.499961, 0.499961
0.092063, 0.509632, 0.509632
0.095238, 0.518901, 0.518901
0.098413, 0.527782, 0.527782
0.101587, 0.536286, 0.536286
0.104762, 0.544425, 0.544425
0.107937, 0.552211, 0.552211
0.111111, 0.559654, 0.559654
0.114286, 0.566765, 0.566765
0.117460, 0.573555, 0.573555
0.120635, 0.580034, 0.580034
0.123810, 0.586211, 0.586211
0.126984, 0.592096, 0.592096
0.130159, 0.597697, 0.597697
0.133333, 0.603025, 0.603025
0.136508, 0.608087, 0.608087
0.139683, 0.612891, 0.612891
0.142857, 0.617446, 0.617446
0.146032, 0.621760, 0.621760
0.149206, 0.625840, 0.625840
0.152381, 0.629693, 0.629693
0.155556, 0.633326, 0.633326
0.158730, 0.636747, 0.636747
0.161905, 0.639962, 0.639962
0.165079, 0.642977, 0.642977
0.168254, 0.645798, 0.645798
0.171429, 0.648432, 0.648432
0.174603, 0.650885, 0.650885
0.177778, 0.653162, 0.653162
0.180952, 0.655269, 0.655269
0.184127, 0.657210, 0.657210
0.187302, 0.658992, 0.658992
0.190476, 0.660619, 0.660619
0.193651, 0.662096, 0.662096
0.196825, 0.663427, 0.663427
0.200000, 0.664618, 0.664618
0.203175, 0.665672, 0.665672
0.206349, 0.666595, 0.666595
0.209524, 0.667389, 0.667389
0.212698, 0.668059, 0.668059
0.215873, 0.668609, 0.668609
0.219048, 0.669043, 0.669043
0.222222, 0.669364, 0.669364
0.225397, 0.669575, 0.669575
0.228571, 0.669681, 0.669681
0.231746, 0.669685, 0.669685
0.234921, 0.669589, 0.669589
0.238095, 0.669397, 0.669397
0.241270, 0.669112, 0.669112
0.244444, 0.668736, 0.668736
0.247619, 0.668273, 0.668273
0.250794, 0.667726, 0.667726
0.253968, 0.667096, 0.667096
0.257143, 0.666387, 0.666387
0.260317, 0.665600, 0.665600
0.263492, 0.664739, 0.664739
0.266667, 0.663806, 0.663806
0.269841, 0.662803, 0.662803
0.273016, 0.661732, 0.661732
0.276190, 0.660595, 0.660595
0.279365, 0.659395, 0.659395
0.282540, 0.658133, 0.658133
0.285714, 0.656811, 0.656811
0.288889, 0.655431, 0.655431
0.292063, 0.653995, 0.653995
0.295238, 0.652505, 0.652505
0.298413, 0.650963, 0.650963
0.301587, 0.649369, 0.649369
0.304762, 0.647726, 0.647726
0.307937, 0.646035, 0.646035
0.311111, 0.644297, 0.644297
0.314286, 0.642515, 0.642515
0.317460, 0.640690, 0.640690
0.320635, 0.638822, 0.638822
0.323810, 0.636913, 0.636913
0.326984, 0.634965, 0.634965
0.330159, 0.632978, 0.632978
0.333333, 0.630955, 0.630955
0.336508, 0.628895, 0.628895
0.339683, 0.626801, 0.626801
0.342857, 0.624673, 0.624673
0.346032, 0.622512, 0.622512
0.349206, 0.620319, 0.620319
0.352381, 0.618096, 0.618096
0.355556, 0.615843, 0.615843
0.358730, 0.613562, 0.613562
0.361905, 0.611252, 0.611252
0.365079, 0.608916, 0.608916
0.368254, 0.606553, 0.606553
0.371429, 0.604165, 0.604165
0.374603, 0.601752, 0.601752
0.377778, 0.599316, 0.599316
0.380952, 0.596856, 0.596856
0.384127, 0.594374, 0.594374
0.387302, 0.591871, 0.591871
0.390476, 0.589346, 0.589346
0.393651, 0.586802, 0.586802
0.396825, 0.584237, 0.584237
0.400000, 0.581654, 0.581654
0.403175, 0.579052, 0.579052
0.406349, 0.576432, 0.576432
0.409524, 0.573795, 0.573795
0.412698, 0.571141, 0.571141
0.415873, 0.568471, 0.568471
0.419048, 0.565785, 0.565785
0.422222, 0.563084, 0.563084
0.425397, 0.560368, 0.560368
0.428571, 0.557637, 0.557637
0.431746, 0.554893, 0.554893
0.434921, 0.552136, 0.552136
0.438095, 0.549365, 0.549365
0.441270, 0.546582, 0.546582
0.444444, 0.543786, 0.543786
0.447619, 0.540979, 0.540979
0.450794, 0.538160, 0.538160
0.453968, 0.535331, 0.535331
0.457143, 0.532490, 0.532490
0.460317, 0.529639, 0.529639
0.463492, 0.526778, 0.526778
0.466667, 0.523907, 0.523907
0.469841, 0.521027, 0.521027
0.473016, 0.518137, 0.518137
0.476190, 0.515239, 0.515239
0.479365, 0.512331, 0.512331
0.482540, 0.509416, 0.509416
0.485714, 0.506493, 0.506493
0.488889, 0.503561, 0.503561
0.492063, 0.500622, 0.500622
0.495238, 0.497676, 0.497676
0.498413, 0.494723, 0.494723
0.501587, 0.491762, 0.491762
0.504762, 0.488795, 0.488795
0.507937, 0.485822, 0.485822
0.511111, 0.482842, 0.482842
0.514286, 0.479856, 0.479856
0.517460, 0.476865, 0.476865
0.520635, 0.473867, 0.473867
0.523810, 0.470864, 0.470864
0.526984, 0.467856, 0.467856
0.530159, 0.464843, 0.464843
0.533333, 0.461824, 0.461824
0.536508, 0.458801, 0.458801
0.539683, 0.455773, 0.455773
0.542857, 0.452740, 0.452740
0.546032, 0.449703, 0.449703
0.549206, 0.446662, 0.446662
0.552381, 0.443616, 0.443616
0.555556, 0.440567, 0.440567
0.558730, 0.437513, 0.437513
0.561905, 0.434456, 0.434456
0.565079, 0.431395, 0.431395
0.568254, 0.428331, 0.428331
0.571429, 0.425263, 0.425263
0.574603, 0.422192, 0.422192
0.577778, 0.419118, 0.419118
0.580952, 0.416040, 0.416040
0.584127, 0.412960, 0.412960
0.587302, 0.409876, 0.409876
0.590476, 0.406790, 0.406790
0.593651, 0.403701, 0.403701
0.596825, 0.400609, 0.400609
0.600000, 0.397515, 0.397515
0.603175, 0.394418, 0.394418
0.606349, 0.391319, 0.391319
0.609524, 0.388218, 0.388218
0.612698, 0.385114, 0.385114
0.615873, 0.382008, 0.382008
0.619048, 0.378900, 0.378900
0.622222, 0.375790, 0.375790
0.625397, 0.372677, 0.372677
0.628571, 0.369563, 0.369563
0.631746, 0.366447, 0.366447
0.634921, 0.363330, 0.363330
0.638095, 0.360210, 0.360210
0.641270, 0.357089, 0.357089
0.644444, 0.353966, 0.353966
0.647619, 0.350841, 0.350841
0.650794, 0.347715, 0.347715
0.653968, 0.344588, 0.344588
0.657143, 0.341459, 0.341459
0.660317, 0.338328, 0.338328
0.663492, 0.335196, 0.335196
0.666667, 0.332063, 0.332063
0.669841, 0.328929, 0.328929
0.673016, 0.325793, 0.325793
0.676190, 0.322656, 0.322656
0.679365, 0.319518, 0.319518
0.682540, 0.316379, 0.316379
0.685714, 0.313239, 0.313239
0.688889, 0.310097, 0.310097
0.692063, 0.306955, 0.306955
0.695238, 0.303812, 0.303812
0.698413, 0.300667, 0.300667
0.701587, 0.297522, 0.297522
0.704762, 0.294376, 0.294376
0.707937, 0.291229, 0.291229
0.711111, 0.288081, 0.288081
0.714286, 0.284932, 0.284932
0.717460, 0.281783, 0.281783
0.720635, 0.278633, 0.278633
0.723810, 0.275482, 0.275482
0.726984, 0.272330, 0.272330
0.730159, 0.269177, 0.269177
0.733333, 0.266024, 0.266024
0.736508, 0.262870, 0.262870
0.739683, 0.259716, 0.259716
0.742857, 0.256561, 0.256561
0.746032, 0.253405, 0.253405
0.749206, 0.250249, 0.250249
0.752381, 0.247092, 0.247092
0.755556, 0.243935, 0.243935
0.758730, 0.240777, 0.240777
0.761905, 0.237619, 0.237619
0.765079, 0.234460, 0.234460
0.768254, 0.231301, 0.231301
0.771429, 0.228141, 0.228141
0.774603, 0.224981, 0.224981
0.777778, 0.221820, 0.221820
0.780952, 0.218659, 0.218659
0.784127, 0.215497, 0.215497
0.787302, 0.212335, 0.212335
0.790476, 0.209173, 0.209173
0.793651, 0.206010, 0.206010
0.796825, 0.202847, 0.202847
0.800000, 0.199684, 0.199684
0.803175, 0.196520, 0.196520
0.806349, 0.193356, 0.193356
0.809524, 0.190192, 0.190192
0.812698, 0.187027, 0.187027
0.815873, 0.183862, 0.183862
0.819048, 0.180697, 0.180697
0.822222, 0.177532, 0.177532
0.825397, 0.174366, 0.174366
0.828571, 0.171200, 0.171200
0.831746, 0.168033, 0.168033
0.834921, 0.164867, 0.164867
0.838095, 0.161700, 0.161700
0.841270, 0.158533, 0.158533
0.844444, 0.155366, 0.155366
0.847619, 0.152198, 0.152198
0.850794, 0.149031, 0.149031
0.853968, 0.145863, 0.145863
0.857143, 0.142695, 0.142695
0.860317, 0.139526, 0.139526
0.863492, 0.136358, 0.136358
0.866667, 0.133189, 0.133189
0.869841, 0.130020, 0.130020
0.873016, 0.126851, 0.126851
0.876190, 0.123682, 0.123682
0.879365, 0.120513, 0.120513
0.882540, 0.117344, 0.117344
0.885714, 0.114174, 0.114174
0.888889, 0.111004, 0.111004
0.892063, 0.107834, 0.107834
0.895238, 0.104664, 0.104664
0.898413, 0.101494, 0.101494
0.901587, 0.098324, 0.098324
0.904762, 0.095154, 0.095154
0.907937, 0.091983, 0.091983
0.911111, 0.088812, 0.088812
0.914286, 0.085642, 0.085642
0.917460, 0.082471, 0.082471
0.920635, 0.079300, 0.079300
0.923810, 0.076129, 0.076129
0.926984, 0.072958, 0.072958
0.930159, 0.069786, 0.069786
0.933333, 0.066615, 0.066615
0.936508, 0.063444, 0.063444
0.939683, 0.060272, 0.060272
0.942857, 0.057100, 0.057100
0.946032, 0.053929, 0.053929
0.949206, 0.050757, 0.050757
0.952381, 0.047585, 0.047585
0.955556, 0.044413, 0.044413
0.958730, 0.041241, 0.041241
0.961905, 0.038069, 0.038069
0.965079, 0.034897, 0.034897
0.968254, 0.031725, 0.031725
0.971429, 0.028553, 0.028553
0.974603, 0.025380, 0.025380
0.977778, 0.022208, 0.022208
0.980952, 0.019036, 0.019036
0.984127, 0.015863, 0.015863
0.987302, 0.012691, 0.012691
0.990476, 0.009518, 0.009518
0.993651, 0.006345, 0.006345
0.996825, 0.003173, 0.003173
1.000000, 0.000000, 0.000000
